3 205 220 163 
3 7 132 236 
3 186 27 21 
3 275 135 230 
3 101 59 226 
3 258 123 93 
3 264 81 39 
3 82 108 124 
3 146 260 234 
3 179 198 18 
3 110 45 122 
3 28 282 231 
3 280 16 162 
3 272 134 174 
3 152 187 128 
3 51 100 298 
3 229 83 213 
3 118 251 271 
3 61 167 143 
3 242 94 70 
3 289 207 284 
3 184 84 273 
3 232 245 120 
3 218 267 127 
3 225 4 201 
3 208 119 161 
3 85 210 188 
3 50 168 252 
3 17 80 43 
3 206 111 266 
3 276 10 13 
3 199 77 113 
3 235 203 117 
3 169 62 151 
3 20 65 40 
3 156 194 181 
3 265 243 1 
3 49 37 233 
3 68 99 257 
3 131 197 150 
3 246 125 19 
3 22 29 12 
3 248 106 244 
3 214 255 177 
3 67 23 160 
3 145 121 66 
3 64 295 42 
3 189 139 285 
3 180 173 86 
3 154 87 172 
3 293 130 24 
3 69 129 138 
3 96 55 182 
3 112 79 249 
3 98 175 2 
3 263 178 26 
3 176 296 256 
3 14 200 0 
3 142 253 291 
3 288 148 90 
3 158 47 261 
3 193 155 141 
3 269 133 58 
3 88 109 11 
3 126 137 170 
3 104 297 33 
3 290 56 222 
3 292 286 92 
3 107 191 103 
3 74 281 3 
3 34 212 241 
3 216 204 72 
3 190 254 115 
3 195 102 274 
3 279 78 75 
3 52 159 153 
3 219 217 283 
3 53 30 8 
3 116 36 277 
3 185 147 60 
3 41 259 238 
3 97 166 202 
3 54 6 63 
3 250 240 105 
3 221 299 294 
3 91 48 239 
3 15 9 76 
3 278 211 247 
3 215 57 183 
3 164 237 192 
3 95 32 262 
3 196 227 44 
3 46 270 71 
3 5 35 38 
3 209 223 287 
3 157 89 114 
3 31 144 140 
3 165 136 224 
3 228 268 73 
3 25 149 171 
