25 3958 2146 1313 9319 7813 4805 5177 5325 7982 8805 4435 7365 5214 6946 5267 4916 8607 1416 8074 4656 1167 3683 3040 2548 7906 
25 6338 167 3428 7717 5843 1925 8306 9390 6734 1541 5637 8145 8650 6370 98 3896 7978 7118 389 709 4905 9485 4869 6763 6353 
25 7594 1726 9952 2036 1902 6508 8328 8045 4572 8949 4629 9426 8462 3385 4293 8859 3499 6927 9710 1061 9267 5717 7065 1372 263 
25 7790 7701 4187 9901 8520 6684 6432 3262 9341 72 9535 3335 4068 1818 1467 9756 9989 2468 406 628 6476 491 6755 8161 6982 
25 9762 7685 5016 4682 6676 8266 6538 4362 2628 3174 6885 1308 3093 642 1720 5188 2304 1427 3630 8786 6747 638 8845 1478 6494 
25 8126 6954 2032 7073 5249 7139 8780 2065 7704 3092 9292 5533 4215 2566 6291 9406 8501 7673 9713 2465 8492 8830 1626 8976 2062 
25 1580 5914 4770 1833 4289 9792 5466 6596 9250 7337 8767 4398 6808 9932 357 3563 1896 2017 6868 352 7549 5270 3703 7256 7056 
25 4832 7184 7607 2375 765 8623 7619 535 3301 5106 7847 4273 526 375 6569 8603 3054 7582 3755 2177 3623 3985 1486 7180 9262 
25 637 3453 402 4356 1105 8721 2743 7272 1004 3247 6933 3149 6554 8869 2744 3777 3429 1348 7130 1903 250 1347 8282 7306 5231 
25 7435 2356 7674 5017 5777 4511 208 214 293 1719 6748 6144 5386 5500 1701 7871 8568 6195 7467 3309 8227 5923 9839 3286 3294 
25 2359 3166 6390 4631 7142 2264 5034 2598 4012 5065 743 9142 189 5875 2331 413 6209 3160 2772 8083 2684 458 9745 396 8468 
25 7081 486 5759 2072 3349 2073 4827 963 7614 9350 4426 6213 8563 4078 3312 6991 2550 2894 266 8434 1051 7781 2273 3380 2527 
25 4042 810 1573 1124 4482 627 1841 3203 2741 4268 8310 9157 952 1279 1735 3828 1037 8358 3224 6577 5907 888 6041 1098 59 
25 9667 3048 2974 2712 966 2372 6047 3960 2669 9921 527 1992 9723 7991 9523 3028 3959 1596 1236 6176 1156 1978 8925 3193 3287 
25 3524 481 3308 3654 2813 741 5516 116 2135 9340 3558 5727 2592 1953 2678 4617 4304 2936 1323 27 7290 7204 6049 6552 2298 
25 3582 9170 3509 9025 6800 6383 1966 975 9850 5672 8444 984 7339 3529 9228 5648 8551 3223 2689 9672 9065 3880 6426 5379 4603 
25 3306 6976 951 8862 2206 7550 1221 6373 8975 5026 5364 2187 2309 3022 1930 1239 2457 4048 3856 6352 1367 9825 9583 6687 1355 
25 2357 7455 1629 7819 7269 1640 819 1759 1029 897 9743 5018 6614 3444 8188 2579 8008 6793 7165 5300 5766 2702 7524 5752 1919 
25 6189 7869 3271 3918 1746 4580 1109 4966 6442 5552 6491 3530 5605 5417 4368 3621 6071 7163 6221 9102 1013 615 8320 6838 8816 
25 6677 3863 9165 6935 5543 5114 2134 5469 2193 353 239 3046 7676 6692 7885 2768 2487 6612 7485 3606 4804 9777 7772 4159 799 
25 1645 1024 5809 5677 7690 5851 2833 3030 600 4161 6615 6752 9787 5319 1938 2431 3230 4539 6532 6059 8999 4998 1041 3957 3124 
25 1494 464 7679 3495 8122 7390 3416 763 1861 5901 8580 8681 5189 9405 9285 915 5436 4476 9770 9780 6090 1443 1792 90 6543 
25 2050 5812 2517 6181 6921 1509 542 1288 8535 8136 852 1371 795 4037 1125 4635 6846 9576 6682 3459 5719 3902 6916 3490 3979 
25 3106 1802 1174 470 4153 3208 7930 6599 4486 1296 6382 3200 6184 6961 2305 3129 8918 2197 6441 4907 5741 8478 2228 510 9922 
25 9098 9652 4321 6819 7773 4744 789 8116 1361 5258 7590 5317 9363 12 4595 4040 9978 1188 6070 8317 2821 6010 5589 7921 1229 
25 4759 5799 5739 3128 1134 3180 9803 36 8643 6840 6768 6078 3643 3297 3971 5284 5754 1983 4344 958 5683 4072 7179 1374 8408 
25 6579 3858 4754 1754 2886 8000 7937 4102 6224 5871 1278 8807 9320 8130 3839 4499 8378 3457 1756 1309 9288 5617 5917 2590 6246 
25 3533 5002 4505 3684 3887 5710 4299 7029 742 2631 9483 9595 6056 6475 3179 1162 4859 4774 8823 8429 2023 3991 5729 7192 8610 
25 9574 9473 853 1206 1114 844 1784 6424 2132 515 5590 550 6729 1074 5256 3818 3477 3406 4243 2966 3765 368 2098 25 2935 
25 6776 2913 7176 5337 9208 1753 4246 9286 8647 9066 9749 7384 7162 2157 2954 1333 2180 5185 7733 6518 4208 1998 1407 7096 9631 
25 3871 2569 1465 5627 5000 7075 6721 9033 5975 4722 8565 4873 583 2365 2864 2249 7605 5137 922 341 6196 7966 5129 1813 7061 
25 6640 1362 5314 4931 4787 704 8449 9902 1390 5134 6402 572 6667 6712 2012 843 4599 9259 4251 8515 5412 1067 2406 2557 3539 
25 5007 5764 2708 7762 3254 7618 9427 4913 3473 1500 733 65 2092 10 8104 9669 1354 803 9178 4457 6904 586 3298 5771 5348 
25 8140 3802 6913 8990 618 5521 1185 4637 9281 2736 6750 8661 7322 2630 7647 7153 4649 1325 2209 5332 3204 181 3796 3085 8474 
25 7738 8960 142 7430 1444 1032 4648 9029 8174 4280 2144 1002 2171 7140 6300 4432 7194 4506 1965 5437 8412 3142 4531 3739 241 
25 878 3609 2226 5230 842 1638 4630 3553 7895 8015 9556 3415 4339 5011 6188 1532 468 9623 3676 6487 1776 2005 6788 9690 8581 
25 6284 7266 6952 1263 1433 6922 5376 6303 7036 5316 4272 8348 5689 7672 4976 128 4352 8899 3629 5028 3213 8405 410 9701 1028 
25 8040 8936 1679 6227 2426 7569 4401 490 1068 3907 2658 1420 1913 3409 2802 2822 7053 7183 2520 8939 8037 629 667 5725 8733 
25 9368 5669 7529 5352 4583 3006 7597 7474 2268 6279 7023 2959 5323 1104 8653 9283 416 2435 8349 9037 1725 688 1607 7426 5476 
25 9778 2018 9227 1157 9469 3983 6548 512 6060 5252 7446 6801 8294 6610 3482 1706 9830 9302 5468 4898 8503 7048 9611 9496 1057 
25 5695 1585 2136 310 1543 9484 2670 4013 1839 5947 8387 231 705 1895 3337 9087 4132 2060 2980 299 3462 4463 8360 5664 8669 
25 1117 3514 9171 1560 7249 5996 6031 1398 6237 2252 670 227 5515 4545 1589 5640 4081 2711 4309 4409 5556 5529 998 1937 5296 
25 4646 1222 8039 2030 3152 9802 7650 7239 4997 6670 6741 9249 9097 8773 4101 3489 7368 766 2164 4264 2668 212 8860 5576 339 
25 4353 1889 790 5496 812 5440 820 7378 5670 6105 5514 6453 6125 1468 5847 4397 3037 4953 1192 9633 9906 6094 6659 176 8876 
25 2439 3211 5457 1438 7726 4543 1352 8163 5406 826 2010 1837 6129 4155 7 403 8677 165 3775 5186 68 9675 5635 907 1455 
25 9584 5182 6139 5280 4724 4634 6312 8904 304 7064 6911 6977 3256 5116 8629 6728 3713 6985 5993 5832 4923 8265 7799 3696 4427 
25 956 3744 563 2112 346 8537 1942 9334 6366 4347 5213 7629 2760 6000 5490 9761 52 7263 257 3767 7558 8510 139 5171 8703 
25 4329 9311 9438 7107 7298 5797 9040 2207 1258 2299 6912 8958 8030 5294 5037 6700 5051 2581 4919 4871 5452 5224 5061 7472 2384 
25 2227 5807 9275 6516 5479 1108 9841 7923 2633 7381 6422 7445 6754 3677 8751 5658 9190 2621 1999 1147 6360 1095 9917 4693 7872 
25 6993 67 3443 7114 6605 1780 3237 6607 127 66 3678 2093 5264 9754 3131 8879 3313 3060 3176 8486 2105 931 3009 1091 207 
25 4414 4263 8390 6229 6469 4874 4947 8311 7609 7714 6574 4979 8416 9863 561 3035 2840 9263 2472 5880 1403 7687 6207 7042 4835 
25 8546 5101 4662 4136 2388 9122 7513 2859 7405 6879 2610 2957 3336 5082 9915 1321 837 4133 9083 6403 4456 6062 1738 9160 9036 
25 4252 4176 9868 2196 9109 8418 8375 5052 9809 9720 8110 7440 3838 3835 9177 4836 9441 712 1290 5910 6966 4269 608 2370 5385 
25 5327 571 4750 6358 5858 7561 7172 6880 7691 3682 6951 4794 221 3560 2202 2091 7817 3186 8417 8138 5909 4171 8488 1314 22 
25 5707 5260 5433 7640 7314 3127 4696 8232 5505 8732 3681 1 7876 8151 6862 6293 3442 2890 6534 7178 216 7661 1401 914 834 
25 8671 2131 5041 1302 2778 4848 4259 441 700 5718 5105 2334 2497 8926 5446 5290 780 6525 5769 2727 1201 5431 8891 2978 2827 
25 590 5465 3158 4643 2424 4590 4834 7881 7289 9774 5874 1336 3647 9439 3250 2882 545 8498 3952 3636 3562 9294 4604 2040 8884 
25 3102 9685 3222 6565 9711 1170 2536 6829 2024 1884 4549 4287 6837 9148 3248 1079 4784 7853 6551 7157 5092 91 3691 122 9963 
25 8218 7625 6928 9274 2173 8112 6849 2430 3910 5950 8761 1016 4730 1665 5460 3026 2256 2749 9846 5444 1964 2600 5703 2161 9254 
25 1377 2034 1498 7644 3081 4239 2484 386 7402 3612 7873 4143 7154 1327 4866 7911 7195 2182 1535 1844 2347 9099 4862 2595 2699 
25 8753 4756 305 9698 6269 7478 3087 4920 5010 1382 5475 8516 6984 889 8178 3352 9969 4064 1150 4052 1847 5265 156 895 3591 
25 4057 6850 3236 6785 3823 2467 503 7519 5532 7375 5808 2900 9589 8435 3832 1470 4959 2271 2014 7288 4307 7025 6633 1513 7959 
25 1876 9532 2474 6691 7254 3830 9327 8480 4841 4154 703 8983 3369 8127 1190 3161 4477 2169 7267 8729 2937 1745 4140 4258 6082 
25 1431 8620 5040 3772 7316 6017 2931 2364 3587 4846 5861 2562 8810 6999 519 2815 6292 9181 4642 2698 3140 6871 8576 2515 8231 
25 4812 8824 570 5356 1014 1846 1549 2321 358 6349 1710 3635 8090 6122 2140 5212 6894 2291 5751 7155 9019 85 4843 8341 8559 
25 1232 2378 2817 6973 2438 687 5021 8604 4452 3879 3773 1805 380 3155 5785 6578 9722 2183 217 5541 3376 8959 5044 6514 246 
25 9305 8409 568 6591 6106 8423 9897 2287 370 3387 8049 9591 9977 9216 3935 7315 2952 7335 2629 8783 7952 9009 602 5123 9605 
25 5014 6180 9994 9225 530 7697 5842 2397 7541 238 9403 8220 6875 3641 9166 3577 6334 9312 9073 9044 707 5164 4046 9394 2111 
25 8708 1742 2275 9014 229 262 2578 268 3954 8152 5441 1381 8043 2896 7946 8863 175 5957 3843 87 2340 3605 1627 6258 7698 
25 4364 5963 4978 1466 2322 1415 9218 5342 7599 3570 8953 4641 890 514 6120 5131 51 2031 3279 8790 3604 3063 371 8321 4910 
25 2663 5716 824 4223 9597 3080 9457 2740 7349 3728 6510 8625 9150 3868 1245 1782 751 4694 630 9024 9075 793 1883 6204 6841 
25 5350 55 1240 711 9772 3554 9077 6668 3733 4473 9955 6813 4991 7780 621 1860 4857 3824 9579 9737 1744 4761 8011 5572 6110 
25 5506 8605 2458 1038 2939 4479 8042 107 3330 4771 1921 195 5853 9429 9557 33 1697 382 2038 3617 4906 2280 7224 5050 9236 
25 885 6410 2997 8487 469 7364 3741 8846 3988 7012 7190 1393 3645 5743 7633 762 5315 2983 8482 9912 9447 2855 203 1163 4893 
25 1273 9454 9018 9091 8279 9619 7920 9655 7415 7476 4061 8989 8208 6869 2547 4760 7159 8875 8121 3717 2666 1271 5983 6980 1609 
25 8687 950 157 2429 2688 5091 3351 5477 187 104 6415 4322 497 6127 5903 495 8662 7763 5200 2403 8426 5864 7572 5305 8984 
25 4478 3527 6289 6627 2069 5534 6429 7441 6264 8155 3496 1463 124 4469 313 6193 6434 5298 3265 9017 9101 6063 5498 7294 1413 
25 274 4024 3209 9399 2021 4392 8574 8481 7458 8636 8705 965 2916 3626 5978 830 6766 5629 3389 7422 5921 2396 5 3930 6296 
25 7371 9339 1712 5724 2162 4576 7928 2676 423 6022 6381 8544 8534 424 4993 6998 3151 7603 871 498 807 7897 3012 3016 606 
25 11 6268 4444 8885 5755 7573 1137 7787 9464 6154 7059 8997 9700 3169 1358 1166 5837 9200 1194 3747 1286 8380 1088 2344 8086 
25 210 191 8649 4399 4523 3372 935 2818 9251 581 7128 9127 2681 7319 86 4481 5414 5906 6864 4962 9515 9693 3837 5155 3053 
25 3642 2341 9976 4946 2790 1917 1643 620 1235 1126 7403 6257 1040 6544 2745 7479 3933 3670 9741 1251 8673 323 200 9594 248 
25 7367 978 4200 9833 6727 1920 937 9069 8079 6786 1307 201 3293 3634 7728 1090 5969 3024 8540 5537 6501 7723 8210 3378 1612 
25 427 4445 9174 8072 2988 7370 4831 8029 9872 7389 8249 9158 3366 1984 7807 5828 5652 2117 459 4758 6478 9851 7841 1011 3552 
25 123 7492 5597 6185 4616 8793 5279 2921 6036 7528 70 7643 6418 4881 8171 4782 9944 9112 2255 6616 660 7765 236 8795 9874 
25 1755 325 9358 8391 1215 3900 4899 2505 5501 3123 6604 6947 9950 552 2087 2149 6964 6795 7596 2597 5893 557 3692 5438 5891 
25 2805 475 4615 7579 3316 3917 2261 6008 8763 3083 7008 4257 862 3143 5255 2734 2700 2923 5391 2779 2277 298 5094 7018 5890 
25 3859 7655 6981 5503 6715 180 1670 8209 753 1129 8257 4110 8974 9348 777 3182 9511 260 9480 4297 1310 5416 4644 1012 3488 
25 880 9120 9428 9926 5102 7207 2513 7796 1604 7132 4354 6585 2695 1026 7892 6901 1328 2716 8125 9336 646 6084 1533 5403 2615 
25 8290 645 585 422 8191 1078 976 1747 9220 8322 6244 4086 7438 3407 2561 1800 5153 9808 5688 2449 5625 2056 6275 7495 1062 
25 9244 3787 1220 9095 4415 4611 9834 929 4472 3249 6108 1022 3396 3878 6772 2531 6730 7241 9617 4796 4286 1537 973 63 4707 
25 6241 1649 5691 6454 2634 5840 8697 9663 3904 7770 3228 6758 5767 3948 4948 2039 5269 1618 7406 6340 1154 4733 1404 2995 2094 
25 7775 4626 2504 9974 2147 3931 449 3501 3468 9644 2099 5965 1955 5143 9991 4829 7595 9175 2109 8168 8123 5216 9555 1605 7291 
25 3159 1597 6742 9718 6064 6425 5099 3944 6286 6830 7553 9929 9543 4225 7122 5604 857 1705 4365 4593 7877 8907 7213 4066 4439 
25 6936 8817 206 9093 3601 8856 1989 3361 7145 9049 5601 5732 232 7668 2747 4261 7247 7894 7531 5954 4825 7634 4173 5109 3214 
25 1144 7143 6468 6132 8587 8618 9620 387 4178 6162 8216 5788 1751 5928 2955 1971 8332 6817 5229 2540 3094 3479 3803 5577 9662 
25 9198 2428 5968 6497 511 1055 9269 4809 4389 5773 920 6496 4034 9132 7891 4999 9735 8261 7217 7791 3008 9919 8507 5197 7328 
25 5154 4607 9452 6182 2891 1731 7855 321 2720 2411 8667 2851 7193 1915 151 5147 9867 5745 7631 5835 3521 2383 9646 1064 7366 
25 4387 1981 7588 2212 6456 8522 4537 2488 872 5070 7970 939 6814 623 3342 5388 5538 9273 7324 1521 2758 5493 8920 4675 845 
25 4030 2122 8777 5598 6647 7546 910 9730 4837 3924 3675 249 3470 3549 5354 3694 7380 9979 3033 7703 4088 5649 5986 5201 2701 
25 5696 6694 8443 3310 501 6322 3011 4028 7351 6205 5748 1169 4073 3343 2926 5643 7581 6761 4518 9246 7382 7459 4054 4769 7410 
25 2492 3239 4807 6272 854 2556 9449 1592 8883 9349 3269 7961 4196 5999 9436 3034 9832 2755 9266 4100 4241 9948 5852 7489 3225 
25 5478 5630 3548 3911 9951 5361 5884 7027 7915 8519 6547 245 4218 7357 9796 9878 9905 6882 4532 5783 1830 7052 4047 5525 2796 
25 9482 3197 7395 7506 7330 2799 7116 2929 2234 5961 8735 8547 2110 1089 2307 8055 3116 9789 4367 7229 2267 1608 764 3381 6423 
25 8442 1193 6932 379 9812 8239 6914 5614 7111 4201 6834 7496 5055 2704 2485 9560 8594 9668 8672 3707 9364 8902 8400 7965 4468 
25 7784 5299 5096 3806 7779 9011 8785 2106 4816 6025 9941 7901 3732 5642 8905 8031 6093 721 3725 5470 1059 78 9734 1685 1472 
25 8081 8518 6781 198 7794 9661 7015 4145 9889 7658 5612 342 7068 7212 5152 3646 439 2647 6617 1601 4160 2279 8254 4791 1675 
25 6886 5524 3384 2238 6824 6376 438 5930 1020 3510 672 9935 7115 2774 5526 2418 2721 2494 8117 1713 2962 1087 1035 4994 866 
25 1575 7947 7308 9393 3251 234 8415 8521 1732 6130 9238 1370 3419 5421 8337 1904 5187 9414 2752 9442 4062 6709 3661 6575 9632 
25 839 3973 3162 7810 7962 6680 6412 284 8362 6409 1778 983 41 8736 5886 8120 2101 8719 3519 7766 2981 540 9280 6643 6066 
25 6490 9022 1668 2163 289 4418 3955 1702 3815 859 5142 5805 9420 9402 7233 7223 5681 9788 4934 1530 2455 2381 4974 9842 8745 
25 656 6586 6580 4932 2575 3861 1043 2849 7494 3876 8523 5613 778 9968 3534 6994 3226 2687 9495 8389 3543 6899 6832 8591 2723 
25 7299 184 6760 3113 1383 6826 6155 6737 7082 573 9163 4300 230 6940 1886 1497 45 734 3202 8373 3541 9237 6774 8176 5242 
25 3726 4853 5100 1280 3281 1176 9604 5250 6920 3141 9031 4226 2538 773 2422 4342 6384 9328 1219 8422 8840 5309 3327 6395 8438 
25 4490 2079 6069 5535 528 1069 4423 8506 3438 2258 7782 5706 6329 3357 5859 8230 3350 1954 1488 9987 2837 4130 5474 457 5734 
25 1514 5872 2694 8674 3616 5663 5964 4335 3610 9467 1205 582 5366 6649 1096 9306 163 5012 4131 8165 334 4341 1520 7774 8897 
25 4927 7583 6459 4291 2066 7394 6625 4529 471 3975 4104 3914 9564 6016 6545 8496 9395 8024 5804 9100 2482 6420 4926 4185 8382 
25 5278 8552 7206 4652 6872 361 1582 1100 315 5148 9795 4041 2909 6930 2236 2696 1669 69 1781 4713 1657 6260 8193 6102 2782 
25 2648 6295 7462 1568 4079 5373 9697 7856 3603 2246 431 2831 7879 3586 2481 9322 4063 476 3865 655 713 9090 1133 1330 2685 
25 5196 4471 982 505 7718 2632 7973 6164 9545 6718 4677 4319 5728 9345 2233 7747 2725 1727 18 727 2572 5360 4357 3685 8977 
25 2436 836 9376 7376 307 1676 2554 7811 137 6007 4798 9831 7469 2095 4091 9088 7260 4207 4190 5778 9291 9766 6466 6493 2339 
25 6348 7177 6455 3410 8076 6324 8943 7963 8141 6482 5904 6471 6505 9293 1892 6225 6054 4625 1888 967 2767 3547 8951 6588 2764 
25 2380 1429 8094 7565 4447 905 7303 5970 6470 494 4391 5409 2526 4372 2735 9260 9193 2150 1357 8743 2427 2330 7577 5887 8651 
25 2351 9925 8756 9057 2071 114 2188 3760 2288 2608 2751 8700 3936 1880 7225 8068 1303 902 6606 6151 3344 16 7230 4023 3833 
25 2104 6236 5692 3231 3483 6870 3628 252 6770 2155 2603 28 9580 5527 3662 149 7463 7824 1658 8137 7987 196 7821 3782 9729 
25 4382 6463 8200 3946 3089 9943 8922 3981 4302 3276 619 2985 9271 9899 918 613 625 9928 5638 8796 9199 7805 1683 5518 6563 
25 9883 2130 4109 4984 6592 4376 1346 5610 850 4489 8890 9041 1350 7313 3323 5794 7858 6239 8357 1338 3150 9903 4005 4949 3706 
25 5995 8542 9940 5377 2532 7875 7002 1621 2620 2084 7850 8221 8446 2296 9680 7957 2068 1269 2948 1594 7060 3817 7069 8998 6168 
25 5499 4459 8517 6437 5210 3244 5191 9706 8962 1244 1391 5274 8027 3690 8424 7169 6835 1084 6804 1230 6413 7344 9845 7129 4234 
25 9380 8002 3333 8528 2934 7021 5043 3978 6313 8919 8293 856 7010 1678 3763 1871 3882 6876 4845 2618 7242 9264 3870 4564 9172 
25 6732 8329 3413 1907 7499 6001 5345 170 9326 8236 5022 9437 6214 6716 3580 1628 6146 1048 1695 5183 9880 7028 4394 1610 1510 
25 2362 4308 8932 3394 1655 1939 3515 6392 6719 3864 4338 1808 2730 8229 7980 3145 7009 3579 1005 4262 2838 5195 7578 5519 7508 
25 4071 4706 6987 9056 8967 3076 6664 2360 4204 6169 9882 1684 5222 4039 82 6232 7297 702 7292 1111 2867 3374 6679 309 7035 
25 5382 5882 9253 6893 3258 714 917 9503 4844 4373 4240 7956 6613 786 6972 4933 5510 5033 5190 4503 7570 6645 3637 3002 516 
25 2301 797 9462 2915 3395 6250 4420 7604 359 1603 7722 8394 6943 652 4361 4025 8305 9021 7758 4654 9213 657 5453 1733 7037 
25 4216 5234 7473 9859 8071 8241 1672 2221 8235 1703 4575 8088 319 4806 4096 4732 8944 8432 9531 2528 3289 2004 9760 2355 9507 
25 1406 970 2742 6247 8441 7638 3584 4453 8087 5603 39 746 23 1544 6223 4731 4764 2312 7914 7196 4624 4678 9814 5588 9490 
25 5973 2697 5686 4973 2951 8219 6873 6072 4334 9887 7100 1340 8295 9048 7244 2729 6285 2479 9459 2599 735 1178 1807 7125 8298 
25 5302 349 4129 9335 484 8131 3891 2059 8066 2170 3695 1211 4772 8385 9104 2673 4660 2814 4015 9012 1743 6637 5568 8592 9136 
25 1471 1700 5473 6713 8253 3711 8183 7255 5291 4538 3977 2464 5548 6619 4186 5742 7598 662 9296 8344 5694 3655 1285 9045 1450 
25 243 1718 4712 9085 5898 5307 6032 4467 2057 9433 7149 182 8274 7776 9387 6171 4114 8217 483 2051 7468 9624 19 7166 2063 
25 8248 2949 6995 749 2580 6116 4231 5398 7398 7534 8484 9938 9561 4182 8051 4548 9527 7592 1414 664 7554 1887 3181 7866 1654 
25 9849 6208 1824 4717 5578 4704 9992 3903 3105 8701 5563 1389 6461 3719 1819 7392 6674 2241 4939 6080 5504 9023 4238 5331 6472 
25 9869 3120 2011 9060 6427 1210 8243 8931 9615 1476 6810 1528 83 774 2083 1522 3386 2636 4627 1898 4474 7412 691 3939 5632 
25 3245 7680 1691 5559 7383 4488 1793 4199 7080 6535 8352 3853 1866 6150 6956 8717 9076 5491 9030 3759 7547 8808 5813 7097 2672 
25 5423 158 732 9877 4720 815 611 9829 1317 5445 4550 251 3746 9295 4680 5365 8878 6160 8291 8263 5427 8658 7427 9924 5763 
25 1405 7909 3526 5312 3275 7989 3734 9461 2081 5220 9750 924 7721 4800 7981 694 2706 4951 1142 9783 5025 8711 9378 809 2642 
25 4981 932 9858 7639 2191 2425 6172 5297 1171 418 1881 5126 5429 9996 6433 9648 6931 9719 2391 4127 8560 4817 9939 1365 8797 
25 7693 3928 2868 4687 6701 308 8710 3043 3819 9562 1547 2203 487 2655 9343 1238 8460 4230 2709 6777 9709 1151 6477 5054 2775 
25 1315 5334 7793 2759 8148 9191 7743 668 3347 9856 112 5699 6953 1208 1851 5624 7387 5483 8772 6595 5254 9893 144 504 6779 
25 7181 9156 6228 9964 7649 8431 3050 4254 95 99 9703 8511 5378 3804 8639 8010 2690 9908 7675 8896 3215 7783 6124 9268 1656 
25 8085 5442 2991 3405 2409 6845 3121 7151 434 3712 5599 6805 2588 6564 4331 7221 1615 7846 2783 5225 4151 6245 5089 4326 8571 
25 1572 4676 2765 1729 5511 355 9005 8356 8077 599 7761 9346 8844 9578 6104 141 2574 4038 9784 2028 7006 7465 5935 4799 5517 
25 8259 8185 5661 3557 901 9526 684 9416 2175 8372 717 531 8561 4985 9287 8798 7913 7454 558 1666 9649 5304 32 2912 4650 
25 1123 2211 1555 8283 4863 4083 9173 9153 5596 6215 3597 5660 3107 8638 6436 1774 244 5193 4915 974 584 8197 3001 879 8686 
25 2269 6495 6343 4349 2975 5192 6560 6147 7752 9689 6527 4148 5674 8612 6937 533 2129 7591 3165 5608 2661 1103 2172 9332 8245 
25 5396 1740 5168 4375 1255 1525 178 4440 4562 4566 7543 6806 7275 5951 6325 8631 8255 7205 7202 1730 79 4283 5713 1319 4019 
25 1070 8769 1932 1849 5145 9226 8613 4671 9155 5952 3042 4851 1312 933 6277 7859 9593 6600 6771 9696 4332 791 2503 1141 5217 
25 6743 338 9752 7001 4880 3855 4027 2325 8637 997 5992 106 5402 3173 8339 1636 8779 2812 7907 7622 7574 8458 120 3018 4270 
25 1928 7393 2200 3750 1801 6686 8596 7778 5540 4134 3940 3811 6375 5207 1033 8445 6089 5146 9053 9853 2761 1523 616 1690 1356 
25 7305 4762 4346 6988 9910 2020 6608 3219 9047 1394 4703 121 6457 6280 8276 2972 2593 4908 8340 6290 4403 1918 6711 633 8892 
25 6778 8723 513 5687 3506 4260 7868 8861 7613 1994 2644 9894 1053 3345 4655 6888 3338 989 6044 587 4311 7120 3017 2440 7318 
25 450 2930 4708 2956 868 1343 7958 8150 7797 8615 8334 4686 3283 9466 330 1838 604 4227 7135 9096 8588 1910 4395 228 15 
25 7624 5464 9431 1320 3472 2198 7317 8234 6043 3574 6156 2217 601 7820 8336 6519 2390 3122 3013 7635 6406 5095 9366 8440 1897 
25 3403 4842 7119 3778 5811 4657 2204 4670 3608 1384 9279 3341 6890 2919 5944 1031 5072 1080 2965 5926 5275 1421 2414 2387 8189 
25 4033 7226 855 7185 6079 6297 460 7144 6114 8347 2543 5528 9997 3278 7188 7274 2142 6341 723 8709 4274 7902 2459 7350 9330 
25 7083 2297 9182 8731 7074 1828 8829 2292 9067 9640 4502 9999 8289 7562 2148 6753 3004 675 8770 1007 5347 2470 1158 636 5787 
25 8312 2858 3285 9704 8505 7683 4144 4495 1247 256 9062 4337 8589 2113 1010 861 6576 8459 695 4284 5310 6265 5064 7000 5849 
25 8802 5784 7851 6857 8814 771 3388 453 4699 3590 1827 9245 936 2715 1857 2807 2617 5721 6654 1261 1345 8526 9240 3536 9907 
25 4301 4317 2353 3041 8562 5389 9487 2000 9147 8954 2205 290 9072 9195 6959 8430 7606 7211 6636 2220 4904 8199 2516 1054 4278 
25 58 5531 5419 6827 2707 8886 2545 456 8069 1760 1277 2537 7030 5821 8593 3055 1487 4533 9206 4142 411 3848 6201 4056 7695 
25 8696 5244 848 8213 752 9027 2240 7940 8363 6323 4237 8988 9753 2179 4666 9728 351 2922 3841 1322 4421 2225 7471 7070 3100 
25 4746 3964 367 6746 3722 4560 2637 9835 3382 7066 6152 9189 9865 1545 9058 1673 8003 1577 6529 4653 7620 2705 6796 1975 7460 
25 8850 6660 143 2027 2944 8260 1294 7340 1049 185 7152 4253 1135 5173 9143 1254 8676 5929 2376 2361 1602 4359 6511 3980 9371 
25 3451 8847 5641 4864 7088 4011 6048 3267 9407 9125 3600 478 8679 6416 1042 9966 3632 8489 8597 775 5184 798 3947 4735 4412 
25 9757 1606 2808 147 4271 277 3640 3986 5367 3916 3627 7343 2324 7756 4016 6854 6004 5289 7746 5979 6464 4944 2320 9337 2982 
25 5149 3997 1034 991 235 3550 6568 5750 8327 4975 1529 875 7199 6662 2103 4400 574 7076 4954 8497 7372 4191 5410 5243 6271 
25 5353 2107 3095 8187 2861 3133 9118 5434 8101 8762 9476 1179 8366 6261 8477 5198 7585 3704 2006 5036 849 8170 8078 3148 5223 
25 5701 5962 9639 6731 8021 97 3317 8910 2852 5647 4852 6113 5565 6638 8749 6023 2089 9875 1441 472 9959 6435 3851 3101 4197 
25 1820 3427 635 8570 3205 7905 6736 5232 4222 7998 9755 508 3516 3751 2413 6757 7626 2899 7321 3318 5344 5762 5245 8648 4763 
25 1637 4029 9377 9645 8585 813 6773 6198 5607 8393 3508 2061 1540 4051 8947 9549 7031 7964 3860 1447 2803 598 408 5814 5827 
25 9923 8190 7665 9687 7062 7231 9043 6598 3135 4076 2509 1834 7670 4598 591 9455 153 3503 9518 6235 3494 3261 8493 1508 3371 
25 6908 3420 8781 5726 5567 8169 1449 5508 6798 4277 3588 6507 4245 5654 9493 3791 4943 6717 1650 5333 7187 5922 6230 2421 4540 
25 3019 1770 8318 2893 3593 5090 3304 6354 9653 6883 9769 4886 7699 5407 5894 4313 7637 9765 2552 1977 9563 6816 8065 7767 9692 
25 8978 7664 7355 378 3134 7003 693 4872 4410 5639 1234 2932 9985 4586 8073 2311 2784 9714 7273 9488 2836 4588 7461 3332 1949 
25 7786 1894 8642 7617 5322 4355 4141 5486 8880 6630 291 8509 1063 2940 650 2317 2869 4875 8100 9602 9658 1872 2565 7077 5584 
25 9384 5737 5560 5020 2737 5343 2115 5611 4917 1717 3480 1855 2728 7969 9981 8201 3088 6135 1558 2876 1869 8448 1779 3538 8527 
25 9618 9231 3987 877 5644 2478 6100 5711 6844 3110 6626 592 2811 6077 8906 4822 5253 2190 9638 7137 7311 9736 48 6963 4882 
25 5303 2908 5942 3698 9161 5006 1980 3398 4193 3656 7760 2713 3390 9681 4789 2788 6021 9300 5606 3945 6163 9152 6251 4266 2216 
25 3154 7836 5749 8022 9070 953 9197 578 2652 5956 1617 5782 1143 1554 7677 8335 6710 8827 7198 4180 5046 2914 2613 5144 7360 
25 6187 2640 4378 9261 3255 4480 169 8292 8737 3644 4639 7739 4122 1867 9396 7429 3295 5558 1107 6332 4585 5163 9221 8124 7093 
25 8246 5854 9621 8887 1648 1257 9501 4610 5108 2272 5324 9960 7491 5786 916 7058 6896 4888 4305 9916 4526 5413 2529 9303 6769 
25 4492 6780 2878 4386 7642 2623 6783 9855 680 8404 5030 2368 3620 8454 2777 2963 8727 5547 5919 1511 3619 4830 4255 8350 1900 
25 1995 3877 442 8529 4157 8704 3348 3441 5449 4433 3392 3561 2953 7825 6941 726 2649 9838 3908 4290 9676 2075 7420 2746 546 
25 5181 2178 8693 8921 9758 6877 5645 6828 2044 5666 7527 8740 4053 281 2596 4960 447 9131 1186 8839 3736 1159 9078 4601 7480 
25 7589 1593 5513 8 2042 6446 4961 3622 6929 1291 6374 6053 6401 1571 8258 8005 8304 1546 2512 5634 4323 9699 2884 8746 7533 
25 938 4651 5700 3666 6631 9582 2181 6165 4847 1556 5585 7016 8645 1929 9063 8927 3937 4563 7942 3794 2798 223 8908 1515 94 
25 9107 283 8228 7173 2657 4877 8203 4664 7753 1803 5066 5370 3761 4345 8963 3810 344 2830 8052 3993 9930 5259 3595 8678 2350 
25 832 4716 6121 4940 7580 3721 8937 5953 1518 3665 2254 7610 6328 2635 8754 9771 7283 2583 482 6458 9232 9456 1484 7160 3153 
25 676 2374 649 3367 5369 9094 9895 1082 5539 7416 4727 3425 8865 8577 9764 1408 9636 4900 8682 2770 9612 754 5867 6445 3754 
25 964 772 6503 2518 930 827 8494 7874 814 5077 779 8874 2498 5704 4983 2584 8695 8129 6797 3137 3377 9385 2990 7711 5425 
25 6076 1027 3735 4125 8004 7051 493 1600 5826 8414 9836 9079 8046 1957 3020 3500 1709 5960 9106 8281 8182 6273 3668 9971 300 
25 8502 736 193 9046 7611 7857 2141 2366 4330 1231 9184 4967 6572 2300 5202 166 2263 6641 4990 7095 412 783 2888 4679 6892 
25 5889 8554 5967 4570 5744 4885 8351 1102 9726 5770 7126 7564 1454 2856 8300 9970 2842 5073 5941 8386 3862 5205 7209 5488 3905 
25 6377 2500 4282 7908 7630 9794 314 3795 9357 579 4924 9684 7171 7651 4721 8133 1099 4464 4097 6248 3996 9931 5554 7278 2998 
25 5443 29 261 270 4165 7127 1899 4212 2719 3456 6811 1017 35 3435 2302 2395 6887 7161 4517 7832 7300 2412 2825 4325 388 
25 7542 2691 5132 6504 3723 7576 6311 3463 9844 3212 3288 831 6140 8799 851 9432 4914 2393 5098 9315 7682 1616 9629 986 2442 
25 8288 1868 2594 2656 7719 5959 9554 9318 6678 9321 8001 9607 4952 654 2624 132 539 1972 2549 8994 1241 5032 7827 4205 4673 
25 7045 4425 3532 4929 3436 6900 9779 2683 5285 9486 8831 5833 1459 3847 2416 6005 7391 7608 678 5472 5857 5119 8054 5775 9807 
25 2834 9530 8722 6949 1256 8179 3449 5262 20 9733 6965 2250 756 5831 6357 4743 3738 6417 3074 3816 6123 6509 3264 8342 4591 
25 4465 5023 8268 4244 9145 7307 6992 8105 5140 1766 8376 4600 595 6240 5988 8600 6262 2646 3058 556 3268 605 4455 6179 2564 
25 9656 3809 4849 6555 9674 4451 1741 3320 9415 9020 2443 2192 2754 5685 891 5381 3938 692 2295 4870 6438 9194 2009 9010 5257 
25 2918 7428 4156 2410 8044 9622 7798 8097 5678 6443 2753 7586 6405 31 5730 3798 9391 4493 3687 4608 7976 3919 258 921 88 
25 49 7431 3581 3674 2052 4751 7113 3663 8453 1073 8851 1165 2184 873 6294 8525 3240 9370 7086 6460 9115 1402 2718 3299 4192 
25 1959 2692 1047 5579 2437 8572 7566 8578 8724 7621 5830 2476 4390 9816 21 593 6603 1622 7934 8848 2043 3599 682 9626 3314 
25 4406 6799 4803 3951 9001 1561 7667 1914 9973 822 1148 2096 962 5940 7552 5793 828 113 912 5075 9209 6581 3005 1439 6145 
25 3303 444 4085 1021 5160 1272 3025 6593 569 1798 3892 2905 7353 5780 3098 3831 1145 3708 5916 928 6589 6336 192 4055 8621 
25 5157 5675 1946 1422 4668 946 4431 9451 959 2407 1202 2984 3439 3199 8985 8064 4936 8398 8012 1292 2076 129 4742 8707 219 
25 1311 5791 4174 5841 7264 1368 2544 4614 5112 7373 816 1122 2335 7844 1250 5104 5602 7919 1502 8630 9552 1332 3564 7121 9566 
25 9164 5997 3434 2270 4184 5622 3136 211 4105 9819 9481 8792 9625 271 3932 2114 1804 9423 5594 3567 6696 7013 9196 9691 7544 
25 3525 9569 6117 6096 332 1688 5878 2041 1526 9791 1750 631 3589 9603 7953 4438 6898 5731 7287 7238 1879 8215 2201 1749 8933 
25 6789 7924 1376 419 3170 4443 5335 2231 3624 9418 5374 1699 1284 213 6143 7457 7486 2660 9577 2967 2662 4766 4163 3844 3607 
25 7296 4797 7671 1724 5740 4527 4000 318 1140 1581 2328 44 7312 7954 1674 3130 2078 7103 5616 8803 876 8970 5461 2895 1576 
25 9360 3164 5097 2138 9536 5998 3062 7258 8483 4581 1736 883 7816 6226 5679 1845 5165 3602 5574 5408 6722 3461 2627 337 7688 
25 6282 957 7755 8758 3481 6915 3943 6447 3452 6512 4074 1789 1226 3779 5206 4098 9084 7170 7922 1822 4577 394 1840 4340 8901 
25 898 744 9278 8870 8826 6319 179 2703 5263 6306 1469 3497 4265 2901 6218 6018 3466 247 9272 3771 5636 3188 5792 8979 701 
25 1306 9891 6419 7342 5760 8314 5233 108 3883 507 30 4090 9949 1299 7106 2857 1762 6843 364 7320 1842 17 981 5346 391 
25 7246 138 9946 7164 9039 8162 2019 9657 715 9123 9505 194 8584 340 9650 8564 5668 4815 9317 9460 8399 1066 9708 2826 9782 
25 2961 2266 8828 7831 5306 8277 1909 1204 4541 9265 4819 4217 5166 4111 2823 7477 136 5676 7843 2432 8419 343 6550 3445 7401 
25 6839 1329 7358 8333 768 3296 8877 3238 6665 995 5671 1173 4018 5550 2415 8601 8619 7852 2568 6726 152 3766 9514 2789 8244 
25 8238 7078 9682 3808 7602 2626 3784 4718 1083 6671 860 8401 4555 9592 7488 429 3430 6112 3920 663 5283 8338 1773 8098 3740 
25 9325 5958 5368 7945 9920 3875 781 6695 6170 2477 9665 3969 9763 543 7421 3852 171 5690 7033 3221 9504 6865 9382 5005 1711 
25 5705 6515 1252 7641 3731 7730 9635 4969 8025 372 3326 2389 7284 6398 4622 134 366 8472 7338 8142 2323 8598 220 863 7452 
25 7898 3167 4014 3467 1181 1737 6033 8226 8787 2026 3049 5581 4106 295 3598 3411 4879 2223 7005 6958 2553 3805 6566 5009 3036 
25 640 8287 1767 4609 64 7689 425 7092 4589 6650 6399 6309 3512 5161 4250 770 1816 8900 8495 4407 7659 9614 5899 6256 9739 
25 3431 4892 517 9313 5583 8633 500 1434 7715 1428 9575 6428 1418 3029 603 2947 463 5822 9103 1611 1787 1559 5697 8566 7309 
25 2892 6473 7325 5571 1948 5169 2843 6252 1810 9972 2604 3768 5404 4519 7253 253 3185 8047 317 6421 7666 4982 6863 6919 4411 
25 3241 7769 7443 697 5088 8196 6570 8223 4358 8156 8473 4935 794 609 1003 4765 8107 1397 9852 1550 5497 8882 6342 8734 8913 
25 6299 9599 2243 6822 5395 4475 5024 2213 7712 3949 6046 5915 285 796 1351 9641 7286 2489 913 3812 5239 4441 9876 5480 1316 
25 8381 3953 3800 7889 5418 7014 8680 785 5432 5600 8006 1795 5199 1342 2123 2862 9362 9904 2434 6287 6028 1423 8768 8694 5383 
25 4221 6836 4350 8158 9424 3195 9686 5815 9694 5057 8684 1207 8410 612 7971 1039 4487 658 7822 4810 6206 8256 1979 4383 7692 
25 5949 3669 3360 4485 3866 7250 9151 7600 5877 3491 5662 237 8240 9702 7890 718 9725 6975 5221 3546 3888 8541 2080 2816 7740 
25 5141 1562 6656 4461 821 1195 3071 1276 5085 5816 9207 8609 1969 5330 1823 4092 8788 3003 3890 84 8135 3572 614 4663 6055 
25 8545 8115 7362 589 7079 336 2853 4080 4956 7425 6012 1985 3263 5362 455 5879 255 2973 9724 8556 4606 9776 7880 7214 6531 
25 3999 2145 1814 259 8812 4658 7024 9002 5401 2911 8553 750 8742 4360 3111 5420 3015 5536 521 6542 5495 3522 1189 2910 9860 
25 3067 8691 1490 6948 6489 5544 9721 6594 1050 5042 7893 4402 1036 9111 404 8668 7645 7936 9026 5194 5266 6212 240 6161 2586 
25 93 2968 7935 8323 3057 8096 2950 8868 2686 2121 7710 4306 2996 6978 4404 8062 8835 7481 6587 2232 9353 9790 7654 428 4194 
25 5659 8614 551 7540 1326 3007 8569 1935 3513 3311 9738 3045 7926 1951 6101 9217 6895 1947 3021 3789 8456 9224 2447 4757 24 
25 6283 8778 9551 6330 6270 316 7109 265 8972 4587 874 7587 5620 7345 3373 6003 6263 5336 4458 6281 960 708 6134 6057 1811 
25 233 7838 6479 5308 8202 8353 3066 6522 5357 2329 2860 499 3820 1191 3112 2781 6925 5087 9954 2829 9344 3485 4422 1110 6557 
25 8914 390 9521 6142 9110 3375 2539 725 1412 8513 9331 8475 2576 7511 8508 7917 2461 3966 4312 7301 8981 7133 9805 9567 2058 
25 264 5118 1387 5426 9965 6821 7046 980 4840 3679 9927 2810 8766 6651 4633 7228 6133 1677 5562 218 54 6238 8058 5881 2945 
25 1906 525 5905 6266 1799 2903 1783 4036 7423 5948 1635 119 4911 1281 9412 1456 9080 6452 1060 2835 140 3440 9586 6874 8948 
25 9219 4498 3246 1843 7502 2259 4381 3454 3894 8776 4860 5790 8316 1008 4384 3702 8655 6704 4183 9129 8871 1715 9995 7361 5428 
25 2008 4553 1492 3807 8524 294 2486 7049 1334 2611 6759 8531 3638 3393 3253 8267 8222 8301 5405 4164 5069 677 2379 5459 4123 
25 8070 1025 489 9818 2049 7413 3770 2567 8436 6847 436 3897 2102 6400 7575 5359 8627 9628 1569 1461 5980 2542 2970 3929 7034 
25 4369 1639 9359 9508 1506 3448 7706 1599 6906 479 2501 840 1698 3277 2450 7341 6818 4912 4413 6365 3368 8774 2456 7136 3207 
25 4363 3776 9984 8738 3354 1765 9298 5892 847 8849 6178 2906 3555 1659 8586 5115 1863 6211 3976 2639 4060 4901 9732 7878 509 
25 3397 5484 8198 4436 9827 3437 3716 4895 7208 1417 5817 3854 4638 1379 1436 8548 4470 8346 7067 3319 4792 9092 3774 8303 3737 
25 9192 6394 5236 7601 3745 1262 2466 6584 7571 541 5927 1788 148 7593 7663 1473 1364 6934 6199 5078 8343 5933 2993 3783 3259 
25 4198 4681 8675 1775 9307 131 7700 5971 7352 6653 6465 9967 3651 4084 3065 6249 1865 4552 8632 919 5619 7657 3 6411 6126 
25 3191 3649 7385 4579 7514 7453 6253 5667 2262 3353 8061 6233 2551 2960 5208 2874 6107 225 9492 9679 1116 5869 7632 722 8247 
25 2294 6923 6500 6658 6902 787 7098 9520 417 7955 3172 9400 6905 1976 4691 1974 7110 8500 3657 9664 3827 8930 7332 5580 8075 
25 8132 7333 6708 7944 576 7414 532 9826 2491 5048 8050 8590 3566 908 1493 5311 327 9613 1199 9116 1283 5447 7849 4945 9409 
25 4393 1152 326 8946 7539 7988 6197 2143 1963 9015 172 2902 1821 3972 7470 8942 9509 7450 8866 110 755 4236 4567 5656 4285 
25 8367 2846 4942 8873 9962 7150 2887 2037 6099 2363 1131 9179 5219 8935 739 9223 2928 226 5653 6379 8020 5380 1339 6086 7518 
25 4958 9042 5753 2622 7134 3086 1693 9242 2354 7734 996 1941 4621 7072 8961 2832 4396 9642 4139 7168 9806 6571 50 549 7918 
25 2885 1430 6345 9539 7167 8026 841 4491 941 8558 9168 2116 4977 8838 8608 1411 8264 3895 3813 3715 9134 1829 4276 1248 4528 
25 3585 5136 2025 2399 7741 792 7768 7525 8728 8499 4779 5392 445 2645 9138 7948 3613 6091 6148 8957 2502 804 9210 3749 202 
25 2244 8670 3446 8853 8757 8451 2605 4509 2844 8867 7742 7174 7271 7293 354 1931 1973 8359 5990 5549 3178 2612 8206 626 9176 
25 6190 3956 9130 435 5621 651 4723 9308 1227 5824 2165 7709 7047 2281 1264 4636 6971 43 3192 4788 5761 2453 1905 8302 4669 
25 1667 2773 9419 6855 7087 3709 5053 4970 2763 92 9351 4925 4049 5371 7220 7022 5803 8660 8154 3493 4710 8028 3421 2989 5545 
25 1722 1259 1614 5384 6635 2717 564 8634 3108 3132 1483 322 7828 2653 1769 6851 3171 6733 7386 4995 9861 7818 3836 2958 3922 
25 1477 6969 3915 5293 2327 3573 6118 5170 4594 566 610 4734 8971 1590 9297 759 2367 5093 4224 3542 3464 3801 8007 7268 6745 
25 9205 4776 8713 5708 4725 6131 6642 2483 3970 3082 3329 6968 8060 6481 788 8355 1850 4781 4417 8262 462 437 5582 8108 2235 
25 7903 8106 7189 4116 925 2400 886 5358 4749 1890 8377 6058 8924 8113 3660 254 1630 6042 7744 538 5564 2710 9270 5273 6138 
25 5349 3492 6298 882 5934 8820 3790 2318 5868 6970 6997 1009 1200 8532 6451 7943 5120 8192 2332 7484 7227 3693 5586 2276 1878 
25 4992 8819 1097 4087 4514 42 4510 8726 5720 2907 8034 3358 1115 728 4070 1721 4558 5895 1961 3084 892 4099 5911 2496 9956 
25 6013 4645 4483 1136 9975 8184 1052 3995 769 2847 1149 1305 1634 4922 8718 4385 6706 2766 3965 2979 9361 398 7200 1214 7860 
25 8102 624 9149 2508 1265 801 3672 5673 3788 9230 5301 1579 8685 1253 8250 5318 9304 8759 8009 1539 6276 4745 3216 1786 3157 
25 8825 6897 6802 328 4811 6945 9746 5451 9389 9547 9587 5801 9301 6950 720 1270 3056 4189 2033 8915 2451 4632 2002 1504 1809 
25 1093 7883 8173 1686 4574 800 5850 7724 9282 9716 5372 7615 4557 7748 8771 1187 2521 3913 430 4434 8092 696 1183 729 7232 
25 4138 9255 6889 7507 3328 1557 4592 4233 9516 1388 5059 4292 8575 2055 5989 5463 1848 7055 6404 9497 348 690 7252 6526 4823 
25 115 632 7348 9007 2152 4801 6979 4565 1071 1531 2757 1757 7941 9519 7019 858 7500 7861 7716 7537 1967 2863 4833 3834 5509 
25 6775 8016 6756 4213 269 9468 4597 125 8567 8692 2077 7302 8657 1160 7026 5172 5682 1877 2118 1567 6393 9634 6175 6926 4121 
25 8032 8641 8712 3507 3786 2499 3758 949 5351 432 8059 2257 3756 190 3412 5203 395 8969 972 3391 7764 6278 1836 7977 6183 
25 4512 4755 2722 1349 3484 1223 3059 9707 5450 5939 2510 2128 9342 6725 9740 5062 4281 7039 2797 3714 9137 8035 4247 3757 8784 
25 8536 8852 1538 823 4219 4232 8938 9404 6167 7785 7323 7754 2999 3206 8683 8955 4008 6909 8252 893 7757 4158 653 553 2602 
25 9678 1175 4314 8530 9135 7551 8269 2750 9252 3686 8888 6002 5774 8952 8898 7433 5714 4778 8916 9506 1366 9550 4989 1217 2054 
25 8689 8720 4535 9900 1716 2420 3822 8465 3857 312 7237 6590 4525 4551 9797 1570 273 5836 9144 8664 6583 5912 9840 6735 8690 
25 1997 7105 6513 1586 1595 1480 2667 6305 9828 6702 5107 7186 8881 2454 3365 9243 2319 9502 2732 4521 7788 8543 8928 2582 4371 
25 7449 2386 282 5485 5084 7085 1623 8297 7417 2358 4248 5856 7310 1681 7863 5390 7515 9258 6655 4697 9117 8470 7809 6085 1682 
25 9936 3023 8103 2795 6989 7108 9695 3568 6159 9434 1197 267 4003 2125 2748 4168 362 8111 5158 8872 1146 5321 3051 9003 665 
25 1987 9610 7538 4856 2283 7826 5820 8369 3070 3885 9660 6485 6006 5338 4736 8602 6639 6414 5795 9957 8041 969 5569 4773 4504 
25 5489 1138 8982 2214 846 5626 1297 1400 7280 3982 2771 9862 4093 6537 8471 811 7432 9986 9113 3667 4887 89 9004 2448 1991 
25 1591 8980 8089 4821 4520 8699 6944 9054 1132 9980 5523 1696 4889 1121 9333 2001 2265 6842 1182 7407 4968 7612 9881 5573 4775 
25 7938 7504 2074 8714 9537 2392 7399 7359 1369 7505 3769 6907 2671 7400 3511 784 2394 9898 6623 3941 6539 3432 4175 3168 4430 
25 6026 7707 5174 5049 2495 7702 3266 9398 5178 2577 159 5251 7974 2013 985 4698 2726 7336 7968 1768 1081 7882 2819 7517 9016 
25 7910 9212 7990 1598 8791 1707 534 7243 4996 9588 1870 3729 8628 1318 3183 4986 8855 5056 6714 3688 2313 7175 6149 6675 1106 
25 6219 5135 1584 944 6020 1911 9751 7713 4692 9235 4820 4147 8659 6825 488 6302 7927 3475 7845 4058 4530 4112 6856 279 1501 
25 2601 145 4437 2514 4220 3781 1287 8242 7736 3912 1893 8411 8177 3450 5439 4561 6316 7997 9533 46 433 9886 1882 6430 6648 
25 4494 278 1432 4963 162 4045 730 2525 2382 2871 8119 6092 8782 2873 76 8794 7411 9528 4628 6210 296 6884 1209 2614 40 
25 4896 2523 7203 6337 9498 2230 2473 173 130 6878 4613 9892 6792 4824 1301 1968 6903 5394 1943 2433 5281 9643 7837 96 5757 
25 968 3753 6861 1853 1198 7447 9475 6333 1922 1475 9032 5058 5045 5848 5888 6690 2224 4573 1458 335 2045 8139 9356 6222 4075 
25 311 1791 7839 4737 9430 6217 1445 485 4972 9133 1772 8309 2441 8858 5415 4524 8331 6703 9767 3544 399 8837 9717 9705 8428 
25 2303 9059 4894 8164 4316 8326 7804 4790 3284 4059 5387 1927 6061 7347 9008 6073 2100 474 109 2189 5167 3898 3478 9355 2086 
25 5180 9823 7089 8212 7123 100 8278 5081 8013 6317 1375 884 155 5268 3992 2046 5502 2519 8153 9082 9215 4752 5819 9918 3097 
25 867 2714 1446 6764 1671 8903 57 4838 3664 9879 2139 7326 2964 2260 1399 2641 6867 3867 689 9477 9180 7050 9671 4690 6986 
25 9857 4739 699 6378 6308 2643 6782 1797 2401 7475 8968 47 7498 6762 4119 8966 3792 9140 1812 5936 7814 1752 8595 9548 1646 
25 9114 9544 8134 5448 13 6074 3659 1516 1015 4705 6331 1565 5800 1885 8466 3190 9119 8889 4315 4709 6820 1708 3743 1044 6628 
25 1485 5138 6739 3418 1950 5019 9435 9383 3469 8964 6109 9229 4446 9775 554 9793 303 6011 8038 7737 3077 5430 4449 6231 4802 
25 3232 8806 4089 1184 4902 1632 9309 9234 5818 9052 2195 3889 2460 9558 6790 6823 6439 9375 8557 9848 118 7916 1491 634 4522 
25 4547 4507 7158 3465 2854 4032 3187 4229 6492 7448 297 7725 3906 5313 5029 927 3569 6517 7131 4203 5071 14 1817 3189 8370 
25 2920 802 1641 1862 9425 4149 7745 1172 6705 5712 2570 674 7091 3718 2176 2664 6967 8909 5240 4327 6351 4466 2534 9365 8635 
25 5802 2284 3797 6666 4928 9186 8809 4516 2248 9314 7329 6803 8836 3829 1298 3764 4826 5454 7439 6350 9748 2824 3625 1527 2879 
25 3648 6119 869 7138 4568 7071 6738 7147 6853 4738 6015 2463 414 3302 8195 3115 9945 3184 2471 3899 1864 7234 4107 7482 7408 
25 6751 7616 3730 7490 7369 2511 9934 2290 9379 133 8324 1268 5925 2507 4202 9489 415 6052 865 1858 6561 56 2015 8345 5918 
25 9188 4508 2475 5825 102 1566 6158 3556 9187 2866 835 7201 9990 4179 377 496 5575 8843 5035 3103 9478 6502 5110 1363 6652 
25 7727 5111 3471 9813 5772 2490 6661 896 6562 7503 7512 6314 4891 9982 8166 536 7235 4082 9299 5684 5247 3846 6794 8315 9540 
25 3346 101 8854 3447 8504 9289 4214 6891 8725 2625 7535 2253 7584 272 5482 6960 2927 9397 7999 8461 2675 5897 376 6462 9185 
25 3518 397 8656 993 3194 3984 9443 9953 2924 8082 5507 350 8427 8388 1018 3201 9050 4729 7148 2137 9911 8175 8205 1653 1835 
25 4753 1620 75 2097 7215 4126 9347 6707 8934 7279 8702 6558 3144 6917 529 4876 4279 3901 1794 1267 5127 1266 1825 639 7277 
25 2423 683 9203 6689 7886 7409 6202 8833 4022 8857 4850 6530 3090 2659 5215 4777 7984 7803 4513 2124 8992 3523 7929 8374 5008 
25 492 9715 1155 446 9061 1542 3458 1507 5467 4181 1908 2806 9871 3363 3886 1583 506 480 4377 8271 8582 1180 4683 2293 3989 
25 1687 5246 3545 452 8549 2850 6019 8421 2733 6697 8455 2880 6787 1216 6848 8114 904 3300 988 559 2938 2035 6098 9837 2022 
25 1574 3925 6361 1378 9162 9525 451 698 7346 3273 6191 6688 9534 8973 3356 5328 9804 3119 979 2943 477 8741 9600 9450 2278 
25 4296 1647 4619 6622 454 4726 3498 287 6859 3096 7975 6386 1940 2941 548 2029 7684 1619 6075 7759 2946 3196 3873 1761 8225 
25 7669 8617 6318 5038 1694 8146 7656 5218 2242 9821 2693 7834 5068 5870 5139 6034 1112 7216 5746 5931 2237 5865 9666 7995 6367 
25 4701 5103 7792 2480 7483 9817 9401 6767 7750 6327 8420 3408 9458 7102 2881 9410 3486 7090 4971 6321 1933 8275 9421 1796 5736 
25 5400 6137 461 5838 7972 5235 2160 1228 1451 2222 3114 3039 7004 2229 7931 9541 716 7419 3487 6698 4612 6255 5424 6347 4484 
25 7862 4408 1094 5943 5937 4921 4001 911 7222 9596 6536 5985 4328 7996 6254 4640 8447 5124 7848 2804 7949 0 2210 6611 2336 
25 5758 5709 5326 5079 5130 9888 6524 2108 3998 383 7994 987 2462 1300 2589 4166 617 679 4295 3118 887 607 1030 9491 4647 
25 9 5972 3639 3575 9316 1474 356 7510 6858 6672 7043 4195 9896 6815 3109 292 3531 1524 7986 7808 8273 4584 1324 9074 9801 
25 6087 3673 7057 3138 7197 2333 5272 8286 199 4419 62 8207 8172 286 5631 3594 8413 6553 6389 7281 4379 7377 2994 7497 9947 
25 6546 7520 6067 4320 8018 4501 7806 6556 8941 8160 5553 1739 8539 2007 838 8666 9471 5341 9822 9214 135 6541 6141 2986 1495 
25 3270 8167 1831 1246 4348 7418 4596 1353 4117 7884 934 6450 4235 3821 5261 6200 8940 6371 1212 7191 1958 4950 522 4094 6480 
25 3990 3069 7830 5128 3401 6681 3126 4462 329 1996 1077 5587 1993 6809 3893 1046 9742 2251 1901 9139 2573 81 306 4728 5227 
25 3027 8379 5340 1000 3433 4814 7063 360 3968 8986 2848 5984 4275 8698 7011 164 466 8640 409 1481 3724 8624 8048 8384 4957 
25 5680 1001 3075 4695 3339 8402 3078 6344 209 3099 6629 7636 6166 4618 5411 7815 6663 5657 942 8993 1260 870 8654 5592 926 
25 393 8093 1019 5522 2651 3700 5883 2308 1723 5276 420 1101 1587 833 817 363 3359 7887 9565 7124 1945 8813 3705 2373 1704 
25 4044 5458 6723 6068 5031 2151 80 2016 2153 5226 4700 1426 6030 1113 1065 8715 7777 8364 3950 9204 4544 5873 5241 4884 9006 
25 7038 6051 3926 6097 9884 6744 2738 9038 5063 6499 1563 6362 1092 1785 8821 3671 3125 1613 1689 6620 8945 1045 5561 8533 2522 
25 7567 6081 4715 671 1282 7240 5781 2585 2167 9233 9256 748 2845 2533 9169 5162 8583 1956 4 3400 5913 3422 8965 2976 3305 
25 4867 6 2349 7493 5798 6111 1385 6274 1153 8237 9546 242 4740 3631 9479 3014 6634 1854 6192 2377 7823 5628 6618 401 9553 
25 2638 1748 7681 1916 1936 7388 6387 9815 4813 3233 8775 6397 105 6216 1771 2839 9601 9942 5768 1990 8063 8716 2563 3146 5829 
25 4035 5756 3869 5698 7563 4965 8118 5823 6335 8299 673 5946 681 9086 8057 5277 2677 4169 5994 647 3923 6974 8514 5179 7257 
25 9993 9121 7007 2126 5844 6624 9034 4941 9870 2154 8929 6632 3710 9071 8464 5650 3872 4424 6391 8911 9559 5013 5715 4780 7437 
25 1578 9914 5004 7950 3780 2877 2794 8457 5237 4454 760 2385 3845 2085 4855 8923 4684 3559 1651 6942 2917 3217 6996 1392 8485 
25 4747 3220 4938 2337 6740 7967 5618 7648 8319 9324 3379 5435 6657 4228 8804 8433 7628 6194 5211 4370 5286 6157 8841 302 9000 
25 9201 4146 6267 3370 8646 9089 7865 5455 829 7464 8467 5001 8296 4582 1218 2571 4429 5876 4661 9128 8053 1970 3762 761 5924 
25 5555 719 3031 1359 3280 3535 4298 1662 1551 8019 8987 5702 4659 4124 2310 1912 4115 825 6203 977 2560 7992 3252 9824 1237 
25 7466 7424 8285 5834 2048 6831 9446 3697 1777 3243 2445 186 562 9937 7210 9202 9354 4448 7442 1874 3571 2800 1758 3551 5176 
25 7653 440 2342 1425 7295 7522 2865 5039 8392 2343 5551 1304 8014 9529 3840 8023 9247 758 4741 1023 8479 3680 6315 2977 5399 
25 9277 6356 1891 1982 6488 4980 6440 9154 3274 1519 5204 1517 923 1553 5125 2306 8272 7509 7017 3091 6174 1249 6095 1692 4310 
25 7660 4865 2289 8036 5566 6050 205 9683 3417 9670 560 8995 4719 7904 6310 8149 6962 3611 6573 6045 324 2724 1988 7532 4009 
25 5595 7951 473 8181 168 2606 5150 5047 9854 4768 2801 224 7363 9513 2082 9323 1552 3963 8463 3282 53 2 1203 8744 2506 
25 747 1075 5027 9799 1714 2185 5693 5492 999 4496 3227 6444 465 7276 2285 3517 971 8917 6602 710 9448 6029 903 3404 9731 
25 9146 6128 1790 4103 1128 2315 9051 3068 8688 8233 9338 3064 9445 4249 8033 2245 7041 3000 7678 2369 9369 1118 7444 7451 7749 
25 4050 1085 2654 8084 467 6038 565 5295 1923 6644 2166 7560 894 6955 4783 7397 3260 9374 5974 3044 2408 3720 6467 2345 3104 
25 1335 3520 4578 7985 204 6040 7112 4460 6388 4930 1764 275 3825 806 2208 8284 6521 5779 8095 3460 9470 8811 1660 4554 3689 
25 9847 6523 3010 3423 9381 3139 3752 520 1410 2417 6363 6881 2787 9417 2444 9585 6136 7829 8211 3052 5471 706 73 448 5015 
25 9512 9798 5885 6540 6243 3537 6918 3528 5747 4242 4017 3727 9035 4786 2870 6609 8325 8476 4324 7354 9773 6368 2047 1440 5375 
25 6380 60 9522 3565 9590 622 8354 4785 400 3290 2609 4294 373 4839 9571 4069 4006 4674 5623 3163 320 3583 2218 1127 5908 
25 7526 9081 3331 333 8818 177 6474 8512 5976 3596 3578 2286 782 3334 9890 4210 9524 7436 523 1386 3292 9222 9517 8555 7020 
25 6533 4256 385 5487 1380 6339 4288 26 3742 4162 1534 1832 8403 899 2897 4010 6385 4170 7800 1661 381 9608 577 1168 1293 
25 1161 864 103 4623 1479 9392 5723 5609 5238 3826 8748 6549 7623 7983 9411 3633 1295 3474 5806 8730 6990 7523 9568 906 5456 
25 8396 1233 1225 2127 6765 3476 8437 4868 2186 6065 8308 9843 6983 6396 6646 1642 8644 9257 7094 4333 405 3874 7896 6938 7117 
25 4685 1457 4206 8739 3234 9933 1499 8407 6483 881 6833 8270 3962 2559 6288 7720 3315 7802 5733 7396 5397 1734 9573 8099 3399 
25 5846 9598 280 2616 9609 4118 5481 4137 7282 9785 4177 7270 5796 5866 8067 5570 8895 524 7842 3814 154 7218 9864 3364 4428 
25 6693 4987 6173 1120 4711 5646 9141 5945 3653 4500 6582 1512 1395 6957 4318 2194 7044 4211 2404 9108 6559 7327 3652 197 7261 
25 1875 7854 4620 5982 5462 9673 276 6301 9727 369 2535 7084 5292 6039 1986 6486 8765 6259 8606 8663 7888 9463 2398 3362 4007 
25 596 724 9105 9239 4343 1496 4026 4883 4748 9159 3079 2314 7867 34 6024 6242 818 7932 1224 9627 3324 7732 5932 3072 4828 
25 3117 1448 5512 9651 9167 2791 7141 9422 3921 2346 7900 2591 9677 9329 4351 2090 8439 2555 580 4714 7833 8452 7521 5863 2088 
25 909 8789 1373 943 1442 3592 426 5991 1856 2219 4113 5765 8626 9413 1006 8224 1337 7356 2199 4546 1056 5133 407 4065 4702 
25 1536 2793 2158 2650 6528 38 2739 1664 7331 2587 8251 7568 8801 2607 9124 5329 2493 7248 8815 2174 126 3047 9768 2785 7054 
25 9499 8893 9800 4031 8755 4374 5546 5862 4128 9472 6320 7236 4388 2239 5542 1119 6852 7696 9028 9453 4108 8800 5902 9998 2524 
25 6910 2942 547 6669 9494 5175 3505 6685 9290 648 2933 575 7456 9810 644 7487 8397 4188 4416 1852 4002 8159 7501 9885 392 
25 3502 8764 7146 1815 7099 2904 3615 7912 2371 740 2558 7801 3850 1452 9284 3147 161 3156 421 7646 5156 6506 8611 1424 2828 
25 4442 384 2247 6304 1419 111 4120 666 4497 8599 8017 2541 4602 3210 3994 4569 443 2120 3974 3235 8091 955 4767 1130 5159 
25 9659 6749 7379 6567 1960 5282 1331 3793 2898 7933 3321 1482 2530 4795 643 8450 5080 1360 2756 61 7040 1396 3229 9474 5735 
25 4095 3650 2326 3426 9367 1462 9961 5955 6220 2064 6364 9786 7960 2680 6866 7557 7545 1859 5900 4267 1289 6372 7374 4689 9570 
25 6720 345 74 9126 6083 9744 8550 567 5288 4405 1275 6177 776 2168 9500 1564 288 659 6924 7251 7219 900 2679 2274 4878 
25 5003 9183 3061 2282 544 8538 7182 4918 5060 8204 3073 2809 1644 5422 7404 2776 4150 1453 8822 2619 5228 7708 502 5655 4861 
25 8395 3540 4172 9988 9542 1086 7729 5981 8491 3884 1139 661 174 2215 7705 6369 77 9465 2820 7812 1962 3748 2452 6027 7556 
25 2402 5067 737 9373 7731 6812 9248 9572 1344 4903 8361 4336 4665 8330 994 4556 594 5845 5122 5839 4303 8864 2119 9913 3618 
25 5393 7652 5363 2889 4858 3242 9647 8579 2133 8652 9388 1460 5083 9276 4067 7530 8573 6359 5987 8143 1934 2352 6035 8157 2003 
25 5722 3322 7548 9440 745 6621 6307 8912 7627 3383 2987 9873 1242 9811 150 5591 4534 3175 2762 7979 5633 7156 8406 8706 6597 
25 767 2419 3849 5966 4536 1489 8128 160 71 2682 808 4909 805 8894 555 9408 3414 5117 222 6683 8665 3927 5076 1437 686 
25 3504 8056 3658 1588 5339 9310 3307 9068 1177 8280 3967 6326 2070 7259 4004 6448 1663 146 6115 1625 1503 6498 6724 5520 6939 
25 6014 4988 6408 5494 1464 3424 7304 7789 2971 1728 3961 6186 4020 4667 4542 9581 9444 7870 4955 1164 9538 7925 2665 9654 6037 
25 641 2992 1243 2156 1196 2780 7265 9211 6355 3934 5248 7751 1274 7835 8180 7245 2769 9386 1680 1072 9712 3699 5086 9616 4380 
25 3881 8147 8622 1633 757 3218 347 7516 4672 8996 731 8752 3701 1213 992 6449 954 7840 6520 3291 7662 8750 3032 3402 7864 
25 3355 5651 5287 4515 2159 6484 2316 5530 5355 5977 301 8368 365 3272 2883 2067 6860 8834 1926 7686 2348 6784 6103 4605 597 
25 7104 3799 7795 188 738 5151 3842 5121 1631 8194 5271 5810 374 990 1505 948 4135 4854 9013 588 8425 6791 7334 1873 1435 
25 4818 1806 4890 6673 1624 7555 1763 9630 5896 518 2875 1409 7694 8383 1058 8365 7434 2792 9983 8144 7771 3325 8956 183 4688 
25 37 5074 7993 8950 5557 1652 331 7262 5789 8760 9866 8991 8832 117 4152 4571 5615 9606 5320 8080 6699 6088 537 2925 4021 
25 4559 9064 9759 945 7559 3614 6601 947 6807 4043 5860 4964 3198 9055 4167 2469 2446 8490 3909 2338 4366 5665 1826 6153 7735 
25 8186 9909 8214 8842 5855 2731 3576 7536 685 8616 2969 4450 2405 3257 7101 9781 9241 5209 4808 1076 4793 3340 4937 7285 2872 
25 9688 8371 6009 9510 5113 6431 1548 5776 3785 2546 9820 6346 3038 5593 215 7899 669 4897 8747 6234 4209 940 2841 5920 3177 
25 6407 2786 1924 1952 5738 2053 8313 1341 2674 7939 9958 8469 7032 5938 9747 3455 4077 9352 961 9372 8109 8307 9637 1944 3942 
