29 5831 9393 3969 6155 3855 4119 891 2887 9181 3616 2336 8882 645 1125 2993 3745 9508 4393 1154 7681 7407 5752 947 3273 8298 5756 3849 2263 270 
29 9000 9270 5448 1025 1898 2718 5984 1190 188 8228 435 3681 7019 2855 1514 7704 1212 8436 8742 7677 8044 2239 5127 1316 6396 6822 6464 8517 2339 
29 8256 4592 6315 2048 2592 7895 5377 5635 8838 8985 2940 9920 8423 5140 679 888 796 6099 6977 6112 7766 793 6127 5334 1168 6548 6057 3037 624 
29 8032 9166 7629 8181 7007 5721 2567 9043 1828 1705 4515 2815 4191 4029 8637 720 3595 151 6054 1206 4131 1417 6092 3550 358 1015 6556 3001 7903 
29 306 3883 6096 8515 6996 8950 2058 8217 4184 3712 4811 4807 3362 346 9706 2450 4281 8033 3646 2637 9893 5689 3363 7290 4501 8684 676 7091 4204 
29 4164 8627 5805 9987 8078 2292 595 4709 7478 7951 3371 536 5728 5082 8715 6831 5022 5931 9353 8832 1301 5686 6804 9766 6711 4153 2381 1069 7549 
29 8900 6962 1900 839 5490 9206 3150 4417 2457 7036 1297 2497 7856 8666 2602 3057 8292 7175 9076 9635 2570 8733 5393 5977 2195 1719 3398 6212 6201 
29 4509 6877 2928 6678 9726 7861 6032 6378 8203 1590 8647 552 1061 944 9918 2760 8129 4441 6117 3665 4972 5405 4405 4721 1566 8471 9050 7243 8765 
29 5453 2185 44 8346 2193 9483 9552 4809 3414 3817 7541 3049 8580 9198 5902 4684 7432 5810 1839 5691 6862 1175 6014 1897 4849 3816 8324 3172 4234 
29 7607 5926 5372 9441 7231 197 9672 9327 9486 3198 2701 5105 2830 4993 4311 9105 3794 6833 5712 9911 8632 5024 946 9999 7079 4678 1824 817 4751 
29 4729 7422 5628 1418 2917 8260 5365 5871 1240 9902 7709 7610 3864 9524 6756 4762 8241 8094 7071 9010 4332 701 6691 1922 1113 5440 1108 7133 6733 
29 7789 5102 1962 9930 5130 2133 522 726 916 2021 5508 3153 5771 338 2262 9490 8489 8080 6355 6632 445 614 3164 2647 8413 7625 5069 3184 2992 
29 8587 3481 9107 349 3630 532 7325 2716 8990 3605 2561 5484 6748 4859 9934 5988 9519 26 5199 657 8268 6069 8357 2238 7067 4927 8807 3612 9083 
29 3240 787 3726 7237 3306 1973 7257 5010 8077 7847 4587 4770 6761 3704 3598 3403 823 9288 6857 2346 5165 1373 7319 7787 6236 2857 3022 2803 9121 
29 3303 210 2186 6451 7947 1723 6443 8219 1952 5249 5429 8604 3551 2523 5173 8213 381 5371 1790 7014 3819 1236 702 3256 7051 2353 8183 5350 3055 
29 2063 7956 5418 1377 6580 2902 6984 5248 1523 1767 6889 5185 5722 6813 5976 3000 146 8535 1305 6091 7768 5392 8295 1673 9531 8026 4286 5113 1648 
29 5583 8981 1746 7823 2811 4914 3163 900 622 7312 6211 1766 7455 70 9331 6510 9774 8537 3155 4951 2730 2934 2547 9881 2628 658 3688 523 9390 
29 2164 8068 1215 5345 255 718 3015 7900 1311 6620 2461 5276 9802 5644 584 7845 9228 8746 6926 743 1229 644 5870 945 122 7062 8957 9385 3799 
29 1188 5516 4055 7645 9325 191 7931 9852 7822 1874 355 3956 5700 9184 8605 9740 3574 7094 7971 5801 1355 7295 3697 7329 6171 9135 8868 1762 8714 
29 6501 6504 4052 3593 4787 9047 2792 438 2673 420 31 8582 7723 5916 1139 7217 5557 2275 6061 5741 6192 6009 3494 6795 6694 4406 6697 5230 2745 
29 9137 1799 5613 7272 7879 1262 5844 8408 7225 2066 1894 623 2576 7439 3254 7939 824 8760 2385 9014 2661 5139 2472 1339 247 6150 5933 7389 252 
29 7021 593 6083 9880 5637 2824 662 677 5374 1891 9005 4584 4767 2585 1403 3372 8493 2525 8484 652 6383 9213 3375 6599 6818 6883 8000 5073 8898 
29 6493 5608 9760 1342 4128 3294 4830 4098 935 316 5620 3543 6274 8646 2040 7837 708 934 6409 745 5333 468 1975 8672 878 4239 2237 2847 9496 
29 3674 4513 7003 7685 4983 1128 7702 8779 6765 2315 7278 1744 2689 5863 3235 1842 7835 2388 1169 9983 3194 2989 4495 4588 9114 1698 9224 995 5308 
29 7776 297 8564 747 7322 9205 5158 3848 7516 7828 3159 6598 3113 2594 3747 8863 7813 5603 7936 6138 2125 373 2825 305 4991 9178 7944 7957 4383 
29 9038 2598 858 9937 2890 4403 1378 535 4728 2588 4443 9526 8101 6858 5809 7179 4387 9239 8665 4321 3650 5491 4541 2269 531 2471 682 9251 3924 
29 3274 4723 6062 6024 9316 3532 202 1095 2061 2843 9400 1701 3845 9747 6426 66 2114 4464 3290 1329 3016 3635 2801 1072 6180 5717 6445 1860 6744 
29 1264 6731 3535 4057 5482 6347 1694 1904 8846 7933 8824 4162 4781 2294 3554 988 1042 3447 5683 4683 2091 7774 7467 1216 8635 6167 5788 5515 7586 
29 282 7238 4845 2706 4961 2154 9407 6774 4542 1987 4274 4142 5979 8584 5107 1323 4340 6686 7158 7697 8102 2 1038 9580 226 3253 3107 6503 6543 
29 4378 8901 6557 3881 7181 8748 5864 6412 8893 8323 4257 3467 9891 9836 7980 6546 3241 1906 9066 9606 7556 453 6587 2648 6851 3772 2182 8145 4026 
29 9888 5504 3888 4313 693 1140 2105 9104 9720 1228 8599 4790 7891 1183 4598 6379 8319 9882 6757 8809 34 1892 637 2500 9031 873 3536 9162 8185 
29 6303 9566 7252 2161 6980 2047 279 9716 7666 1191 820 9267 7371 6480 4839 6651 802 1237 3474 2074 9643 2241 6393 2141 9739 9608 4917 8536 8147 
29 3732 212 4092 9033 1512 8437 9571 5174 4788 3169 2119 3779 7185 5094 8031 1547 7504 994 9187 548 9677 5876 114 3810 3230 195 9480 7449 9801 
29 6193 5234 1781 1088 7850 8015 4523 308 630 9428 5171 2205 7561 9708 4059 109 7508 4977 462 8304 4879 9356 3095 5837 5804 8895 1560 1882 5383 
29 9825 8264 2979 4935 9236 4459 6775 2586 8572 1585 1366 7465 4583 1463 5777 6184 2538 8364 5363 3960 6859 5496 5389 3695 6058 7584 447 2117 101 
29 5949 399 5967 9485 5464 1027 4903 8736 761 3989 9921 8021 4900 357 2808 4438 9516 7470 8526 9274 5849 2606 6578 7886 575 697 8179 7535 6626 
29 742 1844 9088 6770 6737 6957 8156 2403 4238 9320 7056 4557 7212 7215 7860 2203 8841 8345 8936 7164 9717 3787 2276 3106 3957 1731 7598 2002 7992 
29 6269 7647 9392 6386 5221 7973 3144 3196 9142 2624 3105 7009 8784 9268 8907 7313 6667 2775 885 9523 9406 8414 5841 395 6372 5259 1525 605 4635 
29 7397 8267 3579 8018 3285 8570 3980 9395 3742 9265 65 3108 7875 5806 2349 4996 5772 1662 4589 8947 5353 9984 8708 4211 2108 2614 1326 3109 260 
29 8461 3030 5019 4336 780 6425 7344 6034 1026 9423 1958 6930 2411 6259 8083 6755 4766 865 7793 1961 546 4202 7086 6258 1457 2780 1497 3115 2243 
29 1978 2559 8682 8750 9381 12 3296 4250 2030 5998 6952 861 404 8012 2229 4624 9966 1532 5114 7301 4345 7136 9954 2759 1748 5397 6414 8470 7550 
29 69 8869 5843 4854 8819 6018 5522 5190 8265 9180 1983 6933 9235 3311 3759 6638 4725 9743 1591 421 2909 8501 2322 284 2227 3524 6810 567 499 
29 6424 6232 8071 8679 3731 3232 6988 6784 2757 6760 6586 1254 851 5866 5288 8092 8168 3271 4091 8273 6592 1404 4734 5667 1405 2521 3699 6455 8642 
29 5458 4460 8079 1602 4955 8885 3950 5596 1596 9698 9371 9862 3987 8689 9685 3914 3800 1635 3341 9775 4409 7498 6081 4681 403 1520 4858 6119 3520 
29 5148 2996 5430 7996 6359 6423 1387 7042 9959 8607 4613 7511 8049 7393 149 3045 9072 3179 2527 2271 5315 8836 8954 3096 792 2950 4630 6068 4860 
29 7125 9957 1341 8951 1820 9790 9498 2455 4255 3385 291 1869 5266 9809 4736 314 1671 6118 1171 5795 1739 1526 4134 2355 8687 1274 7596 2687 1281 
29 8285 2418 4320 5981 8318 6288 2794 9219 8519 4915 6191 4785 3815 6074 8409 498 1425 7264 3322 9136 336 4154 798 5836 3611 6729 2868 4661 1059 
29 6125 7331 551 6768 7740 3013 1258 111 7111 8016 1926 5815 9565 3628 547 209 6523 8014 1695 1515 4359 5838 3540 9691 5471 4376 6839 3430 6685 
29 3081 7533 4606 739 8286 54 4416 4570 3365 7652 1712 1137 9943 7969 3798 6621 9503 7989 8948 2556 2652 7977 2413 2536 8659 45 1608 3066 2636 
29 4030 6310 4489 7373 3137 1120 7323 9874 9907 7966 504 3174 5693 6197 6111 5729 4140 259 1093 512 3215 4094 5646 8112 6841 1415 6852 1290 2542 
29 3149 4342 9674 8713 7633 853 589 9700 6950 5974 2049 5129 1030 8826 6189 3828 3469 5406 4078 542 9499 1815 5131 1567 4748 2386 7446 265 8825 
29 8223 3091 781 42 5715 8232 9022 6785 8823 8333 1953 9785 655 3687 379 924 7807 2415 4064 7623 6335 339 8347 1576 7762 2571 311 8358 5434 
29 3472 4241 791 5319 4544 3768 7910 2840 2688 7350 7775 4741 9035 245 3305 8230 7710 8065 2129 8040 1044 4957 9032 6787 4508 5196 931 6456 5364 
29 3284 6843 7194 2501 9202 6354 2679 2097 4431 58 6390 330 1516 5401 4777 3026 9522 8718 2175 3199 8288 8249 2568 6270 5457 7785 8291 3545 7463 
29 7816 7029 9711 3978 1372 9086 3915 2045 7119 9562 9634 9411 4803 7866 1847 6228 4798 5526 4110 4737 9479 8399 5785 293 9998 1620 1411 9108 9509 
29 5791 8192 7765 8051 2580 2498 7994 6380 1380 2807 1133 5905 8257 1421 7330 4786 3913 9793 3268 6320 1321 5101 6463 6257 7858 3926 9633 6388 1563 
29 8579 4823 2437 1578 7268 9290 3471 5797 8949 8372 511 1925 1414 4891 7981 4946 5099 7234 263 4929 8058 6016 1580 6624 5385 1083 3886 5890 2302 
29 128 9220 8454 860 6356 6312 5282 4144 5000 1910 3250 2907 3606 1064 3167 3954 2481 1960 1871 753 6292 3380 3413 8227 4926 222 9860 4436 9384 
29 3002 5055 5006 5633 9074 6476 4753 3795 3239 7269 9837 1363 9663 5480 1682 6885 3917 9776 5346 277 5160 5991 4831 9077 7409 6960 2285 5370 9715 
29 5493 8634 6107 7748 9089 8086 6806 94 2327 3506 7920 1360 915 1306 541 6834 7575 4085 6736 220 9009 4545 506 1605 3068 9804 2510 7233 8312 
29 5579 4707 9182 3396 5180 6550 1741 4326 1598 875 2463 1275 434 2700 1759 4593 8673 3713 4810 8173 140 3752 1992 2183 1834 8060 3251 2036 5233 
29 1626 4440 2022 963 6609 8153 6007 7985 6645 1921 6357 6976 998 5219 3711 2955 2128 5673 1504 7588 9299 2390 2199 3916 8719 6302 162 5769 2607 
29 4784 6459 2252 9103 3357 7815 1737 3690 2425 3399 9596 4863 1810 3786 5901 7483 4419 7928 7013 9189 914 9269 1537 169 7155 7505 3116 8243 1470 
29 8770 8998 8962 6108 5992 2137 8038 1730 8336 8411 6953 5151 1124 3299 2246 4805 1266 397 6170 8506 4932 8965 1250 9199 8075 5232 617 7448 3316 
29 8975 633 8491 8494 3854 1888 37 9401 9260 5142 2361 9465 2219 6204 8734 6399 2169 1419 7922 4445 4111 746 959 3293 1703 8029 5855 7468 9689 
29 3214 2671 8820 6214 3997 2781 4817 3833 2631 9727 6781 9094 7804 7417 3530 1231 4571 5238 2767 6072 713 3498 4577 7297 786 7699 1517 5218 4673 
29 8350 9015 7670 8150 7057 941 8084 9339 967 6273 4572 5381 2395 8426 7342 5352 8645 6559 8309 5432 7983 8365 4358 859 1013 32 4218 7574 5792 
29 3904 7716 1327 4672 956 3180 7309 5228 8341 4664 8441 4677 7201 6012 5565 4674 3645 8434 695 454 2750 1913 2519 4069 6895 5240 6511 2677 7510 
29 3245 8211 4685 2473 3943 1309 9478 7242 7940 8440 4335 2439 6245 4873 4617 433 6696 1814 4369 5955 5529 9728 75 7420 6395 763 6319 5361 8660 
29 1609 5031 8979 8608 6352 137 628 8383 9909 608 2092 172 5358 7542 1509 7942 5779 6405 5323 5390 5033 7733 4720 3003 9872 8945 558 9408 6458 
29 5671 5008 4413 3907 8251 6293 3126 4034 4558 5415 9343 5659 4121 3760 5947 9493 3898 961 8839 4789 7248 6794 8287 1630 7140 4871 9550 6639 7630 
29 1933 8393 1370 1779 6943 6280 5540 3191 2005 1570 1244 2569 3892 9684 3408 9133 1524 4212 3613 9867 9520 5888 7453 8421 8435 9947 6882 8118 2090 
29 6330 2042 1482 3176 537 5408 2408 9452 5078 8174 5657 7250 1299 1371 4020 1242 281 9446 4804 3461 3329 5575 6964 6474 8630 1756 6671 7909 9247 
29 9489 1909 1112 2394 5854 6942 7496 2899 9770 3036 9599 6680 8328 4362 8856 302 2398 3062 6006 9544 6289 7606 1836 2059 4731 6873 4288 2068 9995 
29 8184 777 4986 7471 6530 5417 8053 9856 3975 6705 3502 7817 5846 9668 1439 8908 3803 7976 9667 6642 2906 3246 2427 940 5247 1615 6037 3056 3835 
29 6404 4478 2019 5705 3202 6539 6826 6094 5290 1052 2827 3770 2913 7833 8069 5268 1636 2927 3313 700 596 7799 5932 4309 3088 7593 2256 8428 8395 
29 2771 6955 2736 6342 2703 1455 3513 139 448 9949 7921 7924 3784 6863 8788 7563 3328 8242 9742 4175 6490 6314 371 524 9018 871 7559 3315 6177 
29 231 9866 482 1941 5943 3736 6178 9515 3918 4621 6400 9651 3475 319 1538 8518 121 904 5450 8777 4701 9794 4259 3571 4907 7705 9111 2990 2621 
29 1450 7431 602 9603 1135 9924 5553 6601 6472 607 4374 1728 8676 7310 9254 5442 7367 5630 2391 550 171 4217 889 9196 1466 8284 8527 1907 7435 
29 3468 67 1573 834 189 5272 9087 1612 2643 5879 3655 7718 6079 7871 3930 9115 8980 3360 4300 1041 1654 3572 8540 7205 9650 549 7260 221 99 
29 5042 1333 4100 2296 1806 9584 3503 6641 7653 7447 503 7060 3629 8800 8452 5257 3499 8541 8602 3636 6175 386 6647 525 806 6332 3575 8849 3402 
29 4885 6131 2604 6363 4537 7337 5368 4024 810 1930 1569 1802 6130 273 7105 4380 5919 1075 6836 47 4161 8363 1056 751 4391 9090 4640 2783 3514 
29 1951 3843 5492 2495 3830 2242 1632 3879 7195 2844 3267 1261 8544 8928 8152 1954 5957 8220 8215 2756 8818 8422 3862 7884 7047 2963 4135 2936 24 
29 7626 4492 4704 7117 6665 5678 6252 5622 7116 1361 6823 2350 8384 794 8235 8739 1016 6306 1087 7196 7546 5013 3974 3086 204 4071 1804 534 9967 
29 7118 4821 9659 5217 5428 846 3128 5626 4702 8997 1151 8001 3234 2020 7171 5572 2578 154 4761 1948 4591 8406 4496 9 8338 4842 7734 7519 4044 
29 4855 5850 4862 3542 3243 1969 9176 9725 8170 377 4222 3233 1313 7266 1583 681 5061 4172 7148 283 6139 9475 4605 160 353 63 3764 3706 7107 
29 9752 4864 3683 4282 8594 5327 8279 3379 201 1100 4490 9671 3302 8591 8561 2877 8225 1546 6064 492 5856 3853 8389 8917 9429 1152 1130 8240 2562 
29 9132 6066 2378 8889 9854 7198 3039 4152 5726 9215 2404 8124 1162 7320 4666 7487 4084 799 3419 2352 2083 4302 4082 5260 1448 393 582 3493 4744 
29 6565 9764 3187 6219 4390 3625 5090 6527 8353 5745 5802 3157 9915 1519 2629 7517 3928 5668 7254 9473 1947 8621 8368 1410 1942 9099 1950 8712 4582 
29 120 6738 9113 6838 9848 6146 7513 6327 5733 3192 8973 2400 4637 5898 9718 9942 2266 752 9840 6413 3703 8942 3455 910 4506 8700 7602 5857 6428 
29 4012 2245 193 4192 3741 8250 2120 2430 2202 9369 9847 241 6101 8681 847 2304 1587 9306 3204 8439 3805 9782 2462 9905 4655 3332 3933 4866 5803 
29 1376 8929 3967 964 8008 8504 6861 4465 6886 1823 38 6381 2817 4392 2402 4950 4651 7624 3418 4105 4652 2692 365 7669 3301 3529 8595 9919 1985 
29 4595 1798 5800 3584 5410 2853 5062 5860 9460 8590 4181 1118 156 7693 2274 5551 6286 3244 4962 3870 2291 9846 4226 370 8655 3377 2150 5303 237 
29 25 3432 8556 5074 7147 9373 3653 8420 4800 4224 9555 9969 3710 3651 666 5643 8105 7914 7262 7428 6519 3985 3190 2686 671 23 5896 920 1386 
29 3671 1679 5835 5083 2078 8460 1416 4711 3094 1282 6457 9096 1379 5994 1604 6707 3487 5889 6035 3863 3359 234 7241 8528 668 6948 9627 2970 9021 
29 9815 8638 6922 5513 8010 4738 3354 6615 5503 1126 8593 127 9768 6735 3046 7396 352 1008 6991 2850 6019 2914 5279 3434 3263 2490 1819 4352 9364 
29 8200 4025 2158 6446 3537 4820 5880 3079 5258 3896 9857 2878 1049 3275 5833 9117 5136 8090 5796 1132 6156 1312 4696 6941 9398 5270 833 117 1830 
29 280 1496 4568 4176 9151 6613 5716 4149 3785 145 8196 4169 5658 5306 1640 5314 8578 9904 2488 1302 5922 465 3976 3211 1295 6579 3640 1543 3597 
29 1749 1938 1924 6098 360 8252 4106 1294 4101 9414 5623 495 2656 6786 4215 8764 8410 317 4718 5153 9006 2000 9295 1197 2895 9319 566 5144 1857 
29 7520 1451 1398 2225 8810 275 2892 5799 9340 1936 7521 6614 554 9990 8088 3441 2818 919 3282 4068 985 9939 8986 3489 7321 2330 2949 2052 3591 
29 5479 7024 3231 4357 7293 8613 7324 7327 9702 345 39 5038 1431 5960 2057 1356 5366 6391 1643 3165 741 9971 4031 9594 5566 3654 402 9323 5378 
29 3890 11 6914 7802 9751 7892 7303 6039 6295 1138 7893 8121 9806 3885 3367 1981 4014 9337 144 7454 3512 5990 2930 4494 7006 8620 407 3168 507 
29 3729 1558 2998 5675 9301 7347 984 2016 732 9501 460 1082 436 1319 8205 2364 4657 3186 3773 7592 6919 8640 579 2003 1542 4023 205 4254 3589 
29 9177 3701 5264 4791 6939 9208 6754 3546 8598 5286 6411 3085 8995 409 6336 3658 1680 3033 2077 3281 8465 3727 4726 3289 9895 8062 3350 7532 6719 
29 6635 1436 2453 9469 3070 5570 483 4653 5298 4430 3052 5908 808 2889 6658 4881 2170 2139 6973 2809 9868 1233 7267 2597 3400 3130 838 556 3121 
29 4608 7030 1432 639 9543 3260 1856 1249 9153 1477 3333 969 4207 952 3465 9845 5064 8063 7473 2162 4522 6554 4982 981 9660 5002 7456 7534 9965 
29 4771 1877 8581 3340 3707 4155 3878 7512 8843 2728 5084 7553 6431 684 7571 9124 1165 6502 4851 1018 7206 5250 3806 3718 6499 7374 6344 6896 6 
29 5399 545 712 4324 2124 5388 1409 118 2173 2401 176 528 2305 4980 8293 4740 7700 6704 1293 4045 2318 5950 6603 1077 2601 1883 3206 9558 6640 
29 1368 893 6875 6879 4017 5331 9505 362 7113 1055 5869 6656 7955 5701 4967 55 1809 7552 3374 3225 2412 5784 7132 8262 2711 9101 7565 8052 2888 
29 248 458 8892 4763 3346 1561 6263 7579 8790 2102 8104 8577 4334 8099 4466 6751 710 3170 4126 5155 2278 9494 318 6715 7675 28 4776 3887 8755 
29 9941 4793 4170 6525 2029 9935 4827 1257 1939 2281 6588 7059 5512 9890 4038 7476 3639 376 4434 9694 6947 6681 6121 9232 5875 6992 3459 7129 9138 
29 4735 2212 5612 9008 8199 5559 9897 7509 3462 3392 3968 1043 6483 852 136 1966 1365 4388 5541 4299 2260 9534 7372 4828 4148 5123 3460 493 9923 
29 9233 1324 2945 9978 1109 2743 2331 4670 1763 1986 6460 3818 4213 8859 539 1391 1080 9188 6542 5166 2359 7661 8331 8019 7391 5877 9463 6584 1498 
29 4420 4758 6088 9591 7199 1110 4765 2306 2198 1666 6418 290 8688 3666 2171 419 8842 1816 3782 5606 1835 2348 3920 5821 5466 1198 4747 7953 4150 
29 3477 8691 9053 9497 3856 2080 8503 4953 19 5887 153 8277 5208 5914 7406 1353 457 6594 9652 9422 9639 8125 3276 3958 5187 8964 2247 7261 5747 
29 6628 6898 4307 7585 3064 6747 6769 3564 3527 926 7486 1407 1642 9613 1999 8392 4210 5963 2332 4573 2717 9250 6963 6262 356 1607 3047 1899 6929 
29 5027 9143 9156 4468 4924 5478 680 7907 8005 7984 1761 880 52 2208 427 3941 9701 2295 5386 3649 9058 6200 7128 9264 463 5278 3676 6375 7046 
29 6487 5320 5661 9980 1628 1577 5696 341 7354 1097 5297 6485 8680 7466 6294 3993 5569 6903 9055 8514 609 9209 7731 6345 2813 9676 5924 7025 954 
29 5962 4908 7958 3451 5586 3449 1768 3621 5143 4933 5790 5670 2864 1382 1433 6304 1085 8866 8851 6558 3307 4981 7522 3476 4427 7271 3573 3077 198 
29 6688 8123 1014 1358 8879 8745 529 9348 5400 2422 7168 5764 6702 519 9227 303 3452 9749 8822 3783 9229 3825 6055 3483 7333 8025 5778 6792 4512 
29 2039 3355 6353 9157 1757 4408 4201 8473 2056 4040 8956 3237 6437 3236 9255 565 6537 8850 6169 3609 7732 2819 9297 6945 7780 3559 8299 1454 9127 
29 491 3750 5135 9263 5438 6340 51 9838 1347 9488 8482 7145 1286 4401 5639 9898 4237 4585 6187 3692 6432 8148 6163 1745 5987 7569 3029 8455 4185 
29 8283 2493 1147 4985 7982 5823 5007 688 2494 8456 413 9314 3607 9953 8769 9638 2177 5037 6397 4231 103 8430 9600 4351 3541 6605 9590 9762 1747 
29 5725 9993 3151 6622 3310 5384 3262 4877 4697 8897 1467 1957 6928 2920 7827 513 6469 2155 6549 3201 8073 8886 4614 770 3407 2226 7609 3596 2089 
29 4989 5287 3939 4127 215 60 7369 922 3208 3893 6820 2062 7070 175 3312 8011 6141 7294 6520 1919 3809 4992 7472 3753 8164 5026 7083 6056 5625 
29 2765 1817 2207 3423 8919 9412 5814 7729 41 646 2786 3880 9761 4768 8047 1004 5275 8533 4732 9039 8923 2148 8189 168 3255 4906 8699 3500 5536 
29 4235 2774 7943 7174 8834 5497 4813 3807 9328 8110 1755 1645 3743 7506 4013 9246 1006 7475 5170 4479 4063 7154 7597 1674 7314 5737 5636 7915 3899 
29 161 1908 5226 455 8756 1003 7228 2770 939 1453 4015 6497 601 5312 9437 638 514 4918 8416 8649 5236 7335 9876 1959 6050 7568 4032 1483 230 
29 7004 1247 3675 7948 8661 1486 1394 816 1752 3767 9365 8305 2270 9682 9190 925 9772 7925 9687 9554 7781 7809 4539 2060 8631 587 6808 4233 2684 
29 3622 7130 1684 975 1780 4371 7742 3866 9572 9347 7048 2407 3739 3101 1672 1086 4398 6308 3680 8763 3420 1791 8401 1096 4260 8906 5812 2938 6479 
29 6052 1481 586 1338 9732 5422 4087 8603 5269 7791 9307 9589 1221 9168 6596 4370 626 5283 2110 9216 6095 3074 6644 2546 1464 689 9342 738 1665 
29 759 2396 2995 3808 2084 9029 2971 9286 797 7072 6151 1161 7655 2982 8993 6049 3171 4273 4007 6746 3850 4569 6046 5973 6887 5878 7092 2764 7643 
29 8768 1686 2548 2918 84 1787 2009 6186 5954 6239 974 5300 378 5911 1531 4899 3937 9464 5046 6164 1103 5948 6824 89 4488 804 7362 2839 3090 
29 2290 5688 1644 2554 9383 1949 1011 9841 6478 3117 3042 2334 9756 7352 9431 1434 4920 8445 6916 8087 8571 6264 298 7356 6512 5900 5407 6369 8563 
29 2287 4454 1395 5020 9878 8507 7673 2732 5882 8815 4941 9611 9908 4658 3326 4623 9779 4203 8449 475 4795 4448 1023 6679 3903 7970 3131 6450 4470 
29 841 4363 2856 5263 2845 5912 842 9285 5999 3336 9553 9150 8352 7361 881 35 8403 3384 4261 7394 2555 8055 4266 5463 7023 2142 7960 930 5530 
29 8379 7375 6279 6990 7187 5292 3624 3185 9333 517 1315 2977 8674 5169 8875 9517 1490 1435 5343 1984 3733 7451 4275 2691 2218 3566 3445 4132 6290 
29 6780 8667 5970 106 1795 6773 1879 2859 667 9432 5704 2509 762 4402 5765 8706 5632 4745 1383 2560 9798 8165 8904 2814 4397 2939 7017 266 1456 
29 326 5614 7438 7923 301 2896 5036 8313 8615 9131 6936 3440 9605 3876 4293 1155 1189 1207 8380 6674 7251 8589 9644 9338 7659 8522 8754 5642 1146 
29 4868 2082 5910 7526 7299 7501 5035 9859 1174 4921 2480 4493 8343 5100 1641 917 6489 1400 4312 4414 170 3947 9174 1476 2514 1209 5748 4365 5501 
29 7099 7427 6042 5125 478 5776 2590 6001 9071 1699 957 5040 9532 1797 8098 5708 1374 4482 5640 9311 9814 7572 748 4516 256 8091 7972 1990 7497 
29 1458 49 4576 104 3884 2881 9201 8831 7165 9510 7867 484 2726 9046 983 3686 1465 2465 6533 4848 4005 2678 79 9696 8136 9048 73 6931 7646 
29 7235 4232 2900 2916 9200 5375 3972 6855 406 5873 8648 7961 8103 4818 5483 9597 6564 5590 2277 8707 1769 9028 2172 5321 1307 6142 2377 6670 7941 
29 2079 9091 703 6043 3949 2931 5251 6110 7524 8551 8530 5543 2181 5302 4467 7127 8074 1019 3162 9914 9217 9449 1081 4043 8485 2707 6972 8317 62 
29 3905 8387 7665 1214 6575 3643 459 7452 9973 3032 6271 9309 180 9754 9248 6951 6421 6551 8059 7621 518 7641 1076 7429 6776 898 5507 6595 7270 
29 844 9378 322 7627 4338 8960 1803 276 4337 7806 9648 5941 9262 6231 2623 6766 9025 788 3160 9910 5770 1328 8803 2440 9349 5826 1937 6182 7123 
29 8978 1854 9819 6326 7493 5997 1071 6999 5203 5326 6157 5150 7538 372 3072 4480 6218 6434 7096 9194 3518 2435 2126 7767 2733 2220 6033 7738 7216 
29 2179 1074 8922 8865 5510 4386 1832 9003 951 1725 6653 1060 4719 7296 7691 1727 2200 3970 4525 1129 6623 3909 5043 9839 5660 8194 2357 2957 2094 
29 2991 9542 9614 7163 1493 8134 461 6797 6205 8538 4698 4065 3679 2135 7764 9304 7557 5611 3994 1916 7461 8704 4163 7410 6148 481 1187 7790 2423 
29 9062 2951 8992 690 868 989 2690 8034 7121 2885 830 5367 1492 9405 1117 9561 4998 7938 2533 9843 473 2311 6816 7678 3738 9293 1692 53 3730 
29 5840 1704 2417 4869 4446 6721 4874 876 1848 5204 8618 2516 9518 392 6090 8728 4294 773 1325 715 7713 5445 367 1213 5713 323 8996 1001 7232 
29 6272 6944 351 7073 3295 5959 2244 1452 8821 3339 8043 4158 8525 6403 2184 4280 9896 3811 648 1079 5829 5120 177 9218 960 6661 7093 9487 2452 
29 8427 7281 9666 3946 9631 3931 6470 8725 3505 3945 3330 4147 7945 3547 7667 131 2362 3561 1792 7889 5012 5005 2443 2782 7590 4285 8542 2933 3592 
29 4597 9607 2741 1837 2405 6683 7355 1751 2608 7300 5989 6589 2795 1119 5851 4886 304 4555 6829 6301 6496 3936 3478 3318 4328 7033 1697 5783 9992 
29 6583 9275 1552 6507 4297 1193 7005 5017 8359 7341 7797 1539 4600 4590 7695 2012 5789 1565 7213 4667 27 9159 7566 5695 2625 2910 5524 9281 116 
29 2028 714 7010 3846 5231 1462 5207 7832 4521 2735 2583 1392 2131 2222 6946 1384 6442 4895 1687 9344 1724 1104 9869 2873 4861 6025 4449 8030 9242 
29 1633 6660 6545 6026 5591 1716 4968 862 5927 573 6779 3124 6275 3952 3552 2642 4503 8887 7159 4556 2459 6020 2565 564 7419 5589 1317 9931 4692 
29 5054 2026 6979 8178 837 8306 7979 9886 4773 424 8210 6063 8386 4510 92 4844 4471 2147 3662 9069 979 325 4444 576 6080 8944 9858 107 4251 
29 4276 1988 9171 8799 3900 8955 6888 650 7365 2192 3060 6782 181 4663 9808 3829 7360 6124 2445 1320 9402 4475 9440 4046 2272 686 2341 1357 2112 
29 8880 9693 9070 6518 1291 9256 5413 5893 9588 7153 3840 8009 4948 6573 321 4760 3112 1211 7998 7379 7855 8867 5568 7777 3136 4660 2530 672 9359 
29 8027 9259 9298 4679 1036 2215 5666 1998 9064 7882 5344 9061 9147 4018 611 8967 9052 3615 8762 7139 6739 4412 6349 324 8113 5546 446 2115 9675 
29 6190 3508 577 7648 1895 4384 5309 3435 9797 2685 1685 6484 179 813 3065 629 2484 3619 9130 3347 5505 5672 1246 8376 2584 4560 91 5827 3921 
29 886 2174 8046 3788 9533 1402 6129 4783 5738 8939 866 8619 8891 2663 2189 8915 9738 8212 5723 728 4122 1527 4240 7591 9273 8081 8432 5420 9474 
29 2529 1186 2791 4529 1794 892 5895 1886 9450 6221 8890 7000 9164 3995 2800 8167 8586 4022 7102 2905 6897 4123 4433 5767 4695 7894 1855 3152 696 
29 3058 8296 5736 9204 8374 3912 2715 4095 2615 6222 6817 8592 8516 6932 8175 8314 986 5164 9272 2466 6566 8861 3270 1180 4174 7689 5351 7018 3446 
29 7950 3902 3309 2589 4349 7698 1123 2333 7415 8927 1225 594 1349 2522 9492 4267 2599 6022 93 2618 5727 6848 2368 2633 5534 343 5163 5564 692 
29 3132 2382 7209 5794 3097 906 2595 3802 7481 6181 5937 8270 7558 8067 1252 3963 3145 9647 1089 5552 4249 4960 7854 2451 4966 1141 2802 7202 5847 
29 5762 8171 6582 1499 7603 9678 779 2721 6173 3252 9110 8837 9612 6864 1331 1179 2250 5985 7760 4367 4125 274 4524 3744 2766 6706 5468 7101 2261 
29 5604 1445 6891 809 5808 572 8753 329 2999 7050 5016 9791 8107 6967 3669 7044 4053 2788 7754 3071 5356 6745 7719 3261 4644 4168 7368 6109 8894 
29 9466 5085 6134 5724 7037 1614 1429 7421 4074 4519 2053 7658 6633 7708 3838 8442 2159 3278 1260 4733 3093 3249 9870 7390 1659 2518 6235 2714 8552 
29 2727 9354 9330 4609 4346 9645 7712 2924 6316 7258 4399 6616 3708 5969 4875 5277 6265 7554 9012 1173 6195 8204 7615 2712 9883 6071 4214 4219 6937 
29 2216 7599 9507 5867 6734 3663 2447 3021 8909 9820 3504 6251 2483 3638 7576 5956 2081 2064 2986 7757 2363 4047 4355 30 7302 698 1664 74 7031 
29 7636 2449 4940 1475 2835 6910 1238 7869 8629 194 7028 6343 1115 1901 6509 6845 2953 8963 970 9622 412 8496 1150 268 9477 7786 6038 2863 5178 
29 7043 262 5382 9045 6093 9593 6655 9139 2479 6162 540 9528 4099 8022 8671 9345 4497 1691 4372 9822 2769 14 990 8244 254 707 3962 1718 9619 
29 8126 8248 3401 9141 800 7015 3035 5049 7474 9417 1412 5015 5958 9529 7336 1736 1846 8487 4838 432 1094 1811 2904 5014 8326 90 8774 5755 3582 
29 416 1099 8373 6429 1700 9421 4187 3583 2253 6176 1397 1073 3348 5750 7054 8407 8274 7846 1441 5252 2997 2448 9703 5549 8424 3114 6631 8278 5349 
29 1057 7912 4350 2574 8042 3496 9375 3421 8007 4824 2122 769 1473 9877 1296 2566 7169 6821 8425 7583 929 4629 8176 6140 5488 3716 184 4452 4225 
29 1489 1715 8481 6604 2729 7305 5436 6590 2469 2944 1348 333 476 9573 5848 3238 119 6961 9140 7151 8775 1825 5152 4687 1308 4375 1269 8529 4794 
29 9994 7049 132 9085 6959 8747 2694 723 1046 653 9903 2653 2389 3480 604 5907 5697 3715 8614 754 3287 7684 9894 1729 4675 7527 2317 5039 1406 
29 6777 4314 9927 2323 1484 7788 8612 9397 1164 5939 8297 3454 835 4700 9102 9733 2441 2223 9824 1995 6367 9788 6325 3641 9557 3135 8218 5489 7913 
29 6815 3381 8741 8066 2313 9211 1459 7265 8710 8316 239 9649 9425 4916 2224 8521 1722 1742 4969 7040 8207 5865 3919 7852 8246 4395 9034 2838 9912 
29 7076 1442 3134 8097 4548 1774 1401 6198 2214 431 5063 6577 4882 7814 9511 7997 5983 61 8462 8771 5459 7671 4930 1507 8730 641 6494 7949 2891 
29 526 3067 8419 4601 8835 2432 2433 2946 9169 9661 4423 4193 7328 6612 5782 1599 390 948 1571 3175 8137 8933 155 1750 3269 7525 7490 5793 9721 
29 9257 1841 7459 7378 8154 5299 9763 8289 8172 4897 2038 5581 368 2107 1067 5168 4457 366 7801 3555 5917 3059 374 1251 5940 8127 5355 5225 3964 
29 4603 3839 2328 8061 9787 5615 5787 6248 3705 7318 1843 4033 6870 9054 6752 6126 2676 1864 1827 3603 8787 8663 8847 5285 2665 7491 369 789 6415 
29 7280 6240 6840 9456 2230 5766 6031 3266 7929 9873 1967 6299 7038 2149 9646 5853 1322 1861 9813 6291 2168 4878 9386 2475 7137 1934 1993 4016 7190 
29 4246 4188 6772 1866 2798 4305 6927 7358 843 9956 1276 6324 1522 9065 1352 7443 7963 3981 4978 9252 1359 8231 1726 1536 9438 673 4263 9225 1553 
29 7883 8727 1601 2086 5186 1408 5433 3054 4183 6762 4847 5047 8609 5584 6506 4247 9681 6103 6358 9625 1616 2258 4633 4138 7853 734 7157 5499 1971 
29 8817 6447 4361 4619 4028 3858 9692 7714 9081 3922 4 7746 6969 674 9818 7614 5419 2848 8772 3226 8555 5011 2751 7142 4898 8999 2968 3644 3288 
29 6753 7745 9302 7696 5193 5556 8325 6247 2919 1058 7066 5134 9238 3702 7089 5215 9396 8191 9455 9075 5578 9982 7750 8622 9829 5634 6365 8391 1505 
29 7851 4061 3147 6993 1853 9471 2634 5500 2007 9289 9833 5749 5595 3129 8054 1702 9821 784 1711 9023 4973 1661 642 8017 5213 4567 7930 9336 9335 
29 4669 8811 5862 6454 1285 8490 7735 9186 4137 6812 5050 1521 583 8876 8458 9116 4984 6059 3568 7897 3769 3110 8692 8238 955 4716 6467 7249 236 
29 4712 6234 9112 2360 1533 9773 428 1777 5068 9380 9303 9863 9321 8813 7357 2731 8751 9748 1796 3642 7462 9712 9120 1040 7182 5028 2264 9459 9506 
29 8669 7065 9399 5091 8151 9420 1287 7968 3352 8003 3370 6905 8160 1364 2410 7779 8610 3983 1292 272 7911 1893 6591 7755 4104 7744 4835 9736 8133 
29 6225 8903 2319 8142 4892 7008 4639 8914 2872 744 3935 9329 5452 3304 9158 2017 8366 2719 7200 2964 7749 9160 7722 8697 2300 2737 4843 3183 141 
29 3721 4607 8864 7503 1127 4604 2419 2806 1334 2876 1471 5156 8412 9416 7383 8229 1859 7812 7026 855 7919 4649 9617 1970 2367 9315 6323 4319 398 
29 2387 4759 327 958 6394 4177 1298 9936 3620 3213 21 2420 4484 3812 6065 2520 2524 3578 4060 4228 2373 8447 9906 6179 8180 7012 3308 2833 4850 
29 6461 6894 8795 803 183 7619 7408 1688 2070 7737 4315 8845 3283 2773 208 9324 5868 3044 5980 3891 5475 1597 9334 7868 6008 7078 9955 9963 6581 
29 9683 6899 8870 3405 8802 7540 5224 2723 2506 3986 7654 3813 3084 4343 1972 59 4934 6268 7245 6100 9350 7220 9283 1677 5336 6741 8186 4743 143 
29 2962 8 1273 4159 7862 7287 1619 3166 1256 1548 6300 9556 5953 1208 2958 1535 8417 8531 1385 7651 2954 6911 3218 1831 3027 1652 1545 7166 2744 
28 97 8308 4517 7808 2356 253 82 8233 6282 4581 9372 4308 9458 3076 3725 1617 6133 7087 5441 1593 2785 4808 6256 9197 225 9842 8991 578 
28 6334 4825 130 3717 3140 620 2228 5580 6730 3156 8626 4852 1541 50 660 936 6723 6677 9379 9312 9049 1758 5316 5674 8089 827 9746 2669 
28 7778 4120 3637 5340 8781 8169 2577 8920 509 7418 2768 7411 7343 2071 9595 3376 7573 1330 4116 1318 5923 7518 1469 1005 5235 4036 9040 1107 
28 2307 5710 7284 71 7821 4089 5317 8966 9149 6331 4396 717 8394 6572 9892 9753 6128 2722 6720 4662 1707 3386 2674 2409 8502 7492 5669 7849 
28 4425 9916 7878 1032 1765 8214 4919 4801 6890 1911 2654 1265 9513 1337 5881 163 5239 8474 5925 4530 8048 310 4867 1413 9547 17 5477 4295 
28 3804 7387 2758 2738 8968 962 2867 5051 3448 2777 1875 4822 8971 5122 9170 8731 6488 6687 10 8670 4796 307 5341 8778 640 7141 6606 3585 
28 5918 8472 5253 2932 9832 6975 7544 6714 1122 2157 9536 4872 1070 7628 4200 2860 7144 6089 6909 1144 1675 7450 4520 4994 7965 7401 8362 5903 
28 4511 4706 4665 4197 8543 7192 6790 7075 464 1940 2156 1858 5332 8448 8085 467 5244 4385 9679 7298 2421 9986 9831 8767 2476 394 1066 422 
28 328 5874 8804 6675 2974 9537 654 3634 8539 8163 4502 5899 2912 933 9722 6161 4113 3182 2426 384 4865 294 8130 9618 4943 3038 4887 6884 
28 7679 6113 4625 6028 4429 3661 6570 7514 186 8397 8798 2550 2194 8653 6021 733 9073 3600 6811 4112 9300 2034 6673 4504 8157 7759 8135 6847 
28 4455 3139 1051 6664 2799 735 4262 1029 4377 5807 4227 4439 8553 7664 5598 736 3832 7188 8190 7085 1196 5476 9759 7035 3852 6508 5763 7388 
28 521 634 6017 2454 7460 6419 15 8737 4856 1304 1928 4717 2805 1381 2109 7224 9388 4041 6802 1606 632 6338 2316 3143 9243 2130 7416 694 
28 2273 6029 553 1868 5892 758 8315 1239 5605 1153 4453 4750 4330 783 6199 5301 8617 440 1808 2008 3749 610 1045 6410 6144 1923 6513 8639 
28 7967 9938 1354 3814 1010 7839 4056 7613 993 2823 5577 4157 2211 6522 83 485 7045 2941 9800 7124 4166 2804 8509 6361 7404 3601 6337 7974 
28 8588 9241 8946 3519 3216 9367 1822 8828 6360 6462 6328 8006 4114 8853 2702 1554 2399 9641 7876 3617 9391 6036 4840 6407 4884 5108 5682 815 
28 1181 3522 5293 999 6732 6172 2742 112 6227 2644 675 2834 3534 6764 2265 2309 227 261 6492 854 9948 8276 8321 705 571 5307 1487 8797 
28 3259 2511 1007 206 3826 3836 4256 3416 6207 1783 6448 4151 3777 2134 5184 2152 4008 1177 4543 7170 5305 2320 4156 1172 7595 5472 4507 2961 
28 7838 8654 3125 7612 8109 9972 3083 8874 3618 6339 5421 1989 3497 1600 2935 300 4632 3158 790 7515 2670 8492 1551 6648 5118 2325 4620 6321 
28 2167 3841 8729 2298 5089 5757 4634 4476 6968 9434 5132 5761 2446 6970 8057 4486 2303 6382 2926 2651 5379 80 9664 8830 5256 8023 2284 6188 
28 7962 7084 9152 6044 7660 9144 1289 5443 7223 8177 8884 3765 7353 7219 661 3694 5593 9521 6629 3404 9424 4083 2681 7782 1335 4533 8339 6676 
28 6106 4575 417 996 8400 4195 4945 3323 7469 5547 4693 1426 7783 36 6515 9389 3923 3570 3516 2280 4418 7899 943 3442 2508 6246 9729 5652 
28 1800 8982 4182 2573 5904 7537 6149 1818 7381 5537 1224 2973 631 6669 9796 1157 2704 2639 3944 5338 3948 9538 8269 2611 6562 8197 6531 1020 
28 5839 977 9767 8221 3515 4268 5172 3774 1976 2098 6668 2605 7770 2869 9175 7906 5731 4799 1203 6994 452 2095 5600 6618 178 7061 4108 6938 
28 3394 8495 8931 7794 1979 6710 1375 3195 722 228 9826 7773 13 2972 1944 6482 5337 2709 9067 665 9435 971 4223 6750 3604 1721 3672 3324 
28 1706 7457 8567 7795 533 9929 4746 7307 1002 5952 4473 4178 2006 8166 3397 7865 8808 1428 5465 6652 6317 5176 5128 8216 8195 719 9988 9855 
28 4686 2477 749 4366 4145 4002 8330 6536 8918 9581 5786 6819 3548 8459 2444 2532 9889 1574 5423 9615 2504 6524 4133 6555 5739 2221 5210 7364 
28 138 1764 4199 3868 2893 5709 5965 7743 2746 6597 5576 7863 8686 6871 494 3581 5573 5456 8921 9387 2474 8263 6373 9991 3320 2903 2069 1955 
28 1495 9128 2015 4278 4389 6982 9404 760 8348 3678 3331 2537 1696 8512 8294 5175 6158 2289 5562 619 8120 9266 1586 6322 5930 9163 2499 4270 
28 606 8574 527 4242 135 7885 5535 8245 559 4688 683 7183 9568 9418 4463 7918 6041 2132 5653 6341 3999 2683 7616 4062 1881 6825 1732 4139 
28 6915 3412 1092 1943 9145 6783 9502 152 4870 6650 4456 5495 4077 4447 7011 6427 2392 4329 3387 5982 444 1111 727 6832 2138 863 6987 8910 
28 500 2969 6965 4594 5095 5975 908 8941 6974 2854 9361 1588 9430 3118 2046 2693 9977 5311 8144 2267 4995 5449 56 196 174 1012 3780 5404 
28 6048 3411 3523 4815 2826 9530 4779 9276 7721 643 4883 3123 8302 4580 2347 5402 1773 3632 2248 4331 9621 2512 7736 1035 1534 9082 9007 7829 
28 7991 3229 8004 415 3019 8476 1693 2217 246 64 9871 3709 2337 3023 3292 2024 8056 685 8329 5273 8550 3844 3018 882 8959 6727 8717 1770 
28 3227 6213 6749 5649 6436 497 2752 8873 5891 4952 4318 5242 2664 1009 5964 5137 9514 1444 9585 7276 4749 4792 928 7161 774 3127 9237 9093 
28 5354 7339 2372 9560 7340 1438 1929 5740 3388 334 4341 2831 3737 911 5946 142 7430 9777 4130 3538 1195 1740 5585 9610 7836 5883 7191 4165 
28 2037 214 2610 3102 2851 771 9686 1717 1243 9245 663 5112 2882 4540 8814 6244 897 4117 3406 874 8119 1259 6366 9548 8806 7620 9279 515 
28 7186 5676 8703 5913 8935 3485 2255 4437 8701 1627 8072 4356 8857 157 895 896 9126 3998 1460 4141 3425 3438 3824 932 2666 937 8759 6892 
28 9540 3531 1544 3953 8644 6154 1872 9656 2085 1284 3078 9828 219 9004 1862 3965 2324 6368 7090 9567 4806 7316 5427 590 7103 7987 2166 5157 
28 9448 3565 3433 1389 2136 2460 6471 3011 242 3178 1743 2641 6249 3982 148 3024 7156 6541 7177 8464 7753 4415 9426 2374 6243 7803 7932 2343 
28 4902 7440 5588 288 3297 1621 4271 4394 2283 8624 9500 8905 6217 4461 913 6997 1503 8342 8511 5197 3897 9294 2967 4618 2416 9933 4011 7676 
28 7414 1424 9080 1655 391 5718 2820 1200 2487 5514 6441 5096 8548 7285 7236 6136 7172 5183 1646 9036 1367 6918 1931 29 4421 2099 7656 6449 
28 3984 5743 5018 6333 7543 5398 8138 8258 9277 3882 3755 389 9154 5824 5548 2662 8396 2539 647 9358 3242 3173 2204 8916 1663 3831 4987 6122 
28 8116 3664 5462 2948 6634 5348 8158 5335 6311 1887 7927 7769 4923 569 33 166 5621 4220 8858 3351 2603 1145 3792 7100 8335 2908 1488 5663 
28 5485 5594 1158 7831 848 4645 1182 3092 6830 4194 46 5021 8583 7581 4752 581 7582 9173 9690 8361 4189 5645 4404 6743 5560 9570 320 5103 
28 8155 2312 1581 942 7247 5832 3025 4925 4586 6287 8757 9234 1091 1288 7881 5619 3689 3971 489 6040 6805 6203 5369 4690 2541 2705 9546 4070 
28 7082 3383 7917 2866 2414 5616 5246 1106 361 4565 244 7 3790 8468 6514 6666 4019 2784 4654 6842 5944 3075 864 7437 2329 8187 7002 6940 
28 456 5996 599 737 2796 9602 292 4643 2485 5200 4072 8523 3588 7110 4196 414 264 7739 4782 2842 348 4290 836 6210 6255 4035 9098 8131 
28 8883 1024 9989 450 150 4979 2140 7112 466 8994 3959 3728 9864 1980 200 2075 7843 6521 5618 3871 4564 6646 5189 123 6709 7834 6907 6392 
28 2197 1964 907 6116 9962 9134 233 7727 750 5938 8560 2915 6771 3177 1789 6516 6868 1390 7020 5329 6874 2821 4757 5048 9964 7826 2342 9427 
28 1562 7811 972 7531 1480 7502 4888 6701 5435 2023 5058 9453 5198 6002 8562 8565 6229 9019 4097 3761 8899 8678 1974 5206 1227 2369 203 3757 
28 5159 2065 7771 3099 3865 7711 9368 7308 4360 766 8833 8983 315 884 618 5076 9059 8766 9230 2011 5527 5830 8334 335 6742 5446 4279 6529 
28 973 1443 8972 9783 9212 9981 3479 2635 5396 8281 7482 3484 9823 1623 6837 8961 1905 6798 4931 5077 5781 7097 7999 6966 2379 2552 1733 7304 
28 8438 991 4505 4797 218 5080 7726 5220 9958 2987 3437 716 5706 6086 8405 9816 3264 656 469 8117 613 4566 7479 7874 165 2050 9271 4876 
28 2981 5554 9640 5025 3456 8371 7635 625 3521 6077 1430 6313 9996 8896 730 1845 8524 1068 3053 5945 9332 7334 6869 4080 9887 4708 5065 2980 
28 699 5971 5703 1649 3473 9807 7167 9504 4938 4291 3321 7363 7150 6208 6453 9447 2790 98 5444 4491 9122 9737 9030 1870 1778 5662 8872 7600 
28 1997 9472 8623 1689 286 7039 5214 7662 3482 3961 7978 9024 9476 7227 2321 3558 1760 4048 776 8303 8320 5753 8792 9709 3797 3426 4472 7055 
28 9214 5357 3793 9026 1849 3929 1873 4579 821 1446 5067 8735 828 5993 6856 4611 9415 1991 6878 3104 3007 5425 1681 7135 5592 5521 2338 3539 
28 8566 840 2616 6627 5951 3925 3265 2151 5719 1021 8793 9951 4559 7859 9632 3602 8724 5045 4710 1821 2209 4650 7178 8141 9723 8280 9781 7080 
28 3223 1422 3507 7902 7425 5574 3020 7351 8675 5884 9278 3317 9148 849 4264 6078 380 5872 5934 3338 9370 4780 5928 4400 7246 2596 7995 3008 
28 313 597 4292 6610 4179 6389 9119 8115 3188 9928 3148 8290 480 505 1351 7747 8450 4322 5060 903 6237 22 5066 3122 5149 6329 2507 418 
28 6468 7756 8381 6261 7536 2526 7993 2232 1048 1513 4534 5966 6540 4857 9697 5684 9210 7877 1840 7131 4269 6718 8862 6544 6260 3822 8534 2861 
28 6194 3422 2165 9079 7162 4671 5147 5629 6561 2178 2144 1369 1582 8709 9628 1090 1631 2467 7495 2297 20 9484 1754 7594 6934 8275 9282 1625 
28 2828 4896 9885 8037 2983 9875 7873 8446 8926 807 7338 2649 8508 3120 6659 4411 1903 8114 5698 5106 5714 3677 9844 1603 5003 1805 8794 1502 
28 8161 3146 6097 4947 5525 3006 8829 4694 1116 5486 3626 6690 1568 4531 8332 7715 4354 9655 3714 6571 240 4627 8457 7567 9223 1813 4756 9673 
28 2952 9539 7605 1399 6498 8573 487 3436 5394 6850 2106 5195 568 5115 401 1968 4802 1201 7562 1660 72 2655 278 4325 7555 5138 9961 9853 
28 669 4107 1393 2613 4841 1896 7180 4499 4474 4893 3756 2180 2897 1440 2365 3771 2875 6371 85 8761 9970 4353 2088 8840 6568 1270 159 3391 
28 8202 7283 4997 1063 5087 4631 6630 8486 1163 9830 258 4638 5702 520 7751 4942 7315 585 6433 8337 801 8307 342 6023 9769 7818 764 2925 
28 2545 5631 9439 1039 6800 2436 2659 8877 8404 7346 4348 8093 185 3491 7208 363 9669 845 6452 2051 7058 2836 257 1876 57 8497 6114 6015 
28 8683 1235 4073 2627 3657 9063 9946 9056 2540 6803 2431 8752 1022 5310 4230 3877 8415 3740 2658 8351 3696 4769 1772 4727 8643 5533 6477 938 
28 7841 3343 7986 1017 2268 5842 1220 3415 6799 9731 5254 3762 2553 8558 7395 7499 4949 4407 4636 8122 3821 9001 1589 7880 9861 649 5711 6983 
28 826 2087 3648 3652 8723 1540 9705 691 3100 3627 5119 5295 9185 4258 4304 5532 158 3464 4327 1656 8385 2846 108 1865 3034 6971 7990 1255 
28 9851 7864 3820 6224 6351 2563 3356 8282 6102 1245 2111 3210 429 9013 147 2301 5681 856 3450 1786 5004 8140 8749 6159 5587 7824 704 6104 
28 4136 3517 1965 3857 5978 1472 5617 1461 3910 4462 9757 8478 3349 5690 2776 814 4186 5439 3280 3659 7730 2942 7244 6267 1280 9944 2251 3 
28 6712 2458 5267 7399 2286 3722 1184 7412 850 1065 6051 8575 7104 4939 134 3142 7317 9193 4066 5813 4245 8780 7792 1550 778 1676 5936 3325 
28 6047 6241 767 3197 1927 4834 2206 4076 8848 7077 3220 1268 5582 7935 7255 2113 8266 3544 4180 232 5098 6649 879 4481 3586 4562 7143 496 
28 7706 3424 9974 6242 2943 678 5759 1185 636 6767 6466 7088 7548 8193 2668 5609 1131 5601 9409 350 4277 5825 2145 4514 7937 6298 2975 2104 
28 3631 6893 6481 9451 7686 7830 3511 2384 1479 3373 725 832 9795 9541 6153 8987 3050 6276 5075 7707 1202 8354 3860 7152 8505 87 6904 5056 
28 110 8513 2176 1709 3470 4373 2340 6717 2966 7402 5052 3693 6801 9925 4954 9512 2696 6439 8272 3562 2849 4550 6495 4616 5167 1314 9670 1222 
28 9545 3796 3509 1592 2010 7800 5734 4248 1423 388 9637 2646 5359 486 4317 7523 2543 9172 9755 7642 1852 7988 7631 2254 1136 502 1714 9576 
28 1510 2121 2014 6534 1996 5817 7384 3048 9226 7798 5735 7464 164 3279 6517 1549 3189 8600 2279 6849 7442 4971 6004 6364 3673 8658 7108 1807 
28 9470 709 3495 5201 4552 3181 9322 5391 9601 1194 8695 2763 3691 9296 7477 6406 8340 6876 8711 3009 2762 992 4333 6619 7772 8261 216 3938 
28 3875 9165 5211 8402 8433 6569 8349 6385 627 4622 5104 9812 2619 359 5665 5498 1917 2772 5070 2697 6486 9382 4283 9577 2434 9192 9922 9011 
28 6995 5909 2370 6408 8360 8791 1670 6906 4216 8480 9849 4990 5339 4103 9817 1956 9559 5654 6285 18 1134 4646 4937 3776 1485 7687 4974 250 
28 9376 1031 8722 651 8162 1218 2076 2558 5281 4546 4965 1278 8662 1279 9744 6538 8234 217 8128 312 7001 3490 6135 4451 9940 1272 588 9222 
28 7016 3735 7946 5680 2898 9710 6708 3990 9913 5920 6417 5780 2680 3553 1668 2032 5437 1889 9771 1594 4146 8888 8786 3390 4772 4173 5692 3361 
28 9444 4975 7547 5154 9579 1782 4102 8369 9095 5109 9374 3103 7120 1267 8696 9042 7618 8554 6348 870 1557 9879 1734 731 8773 2713 5086 5818 
28 7870 1878 3488 580 6902 9360 7601 5424 7530 3827 4422 4049 8732 9318 5362 3028 4905 3932 4115 7176 9979 9574 7109 8721 9623 4004 6654 9850 
28 2858 2288 7741 9057 7640 6216 43 6958 9586 5116 3608 9482 2870 7273 3368 3439 6908 1556 439 4284 8222 3051 4306 9231 192 3610 6796 3580 
28 5470 9827 8224 3823 223 7326 4641 2923 4628 9704 6600 385 829 2031 8311 287 6416 6085 4774 5162 9952 2667 2013 5395 3763 5687 5760 8431 
28 8976 9917 3901 3873 4458 6402 7820 3040 3224 8499 4689 8451 4075 9662 4936 7193 5858 2146 6384 2513 4469 1241 5567 5627 4959 3209 2534 3775 
28 7761 6563 9724 3851 6814 2482 6607 570 1518 8812 7222 5023 5599 182 5694 238 2789 2965 4764 7279 3247 8690 3364 5511 8028 6567 9945 8694 
28 918 6440 7692 4323 9899 6398 3429 772 2072 3286 1263 7796 4310 7507 7400 5610 9253 976 5325 2358 6284 7694 9097 6553 2093 1572 9462 9609 
28 289 7274 6881 782 3526 6297 8601 6853 6165 5202 1217 6120 271 8310 3207 4303 3594 7382 6835 2582 4909 2375 1890 5093 2708 7717 442 9834 
28 40 6011 3453 7052 1277 6722 4500 819 5544 9665 6682 7370 6115 1468 2376 9950 9146 615 4379 3801 2593 5509 2816 9207 6166 354 7436 1885 
28 2326 2187 4410 1283 6370 1618 1637 383 6724 6401 6132 1271 8100 443 7528 1234 4518 1946 1657 9125 5555 441 508 2351 5707 4058 269 3660 
28 2116 4167 6763 9002 5280 7901 5088 9129 8744 6250 8182 3389 8693 5651 635 8557 68 2293 5431 9968 9362 4000 968 5328 9884 501 4561 6278 
28 2638 562 3720 3366 8236 4129 8805 5380 5121 3973 2725 3358 5322 5968 7146 4368 1610 6377 7434 6003 1713 387 3587 4976 7728 6672 3966 2213 
28 905 2747 1963 7959 6740 825 8796 5289 7842 2871 6608 102 7277 7081 4528 6387 1638 2491 9535 9578 6230 6027 3458 1613 2160 5487 6087 3599 
28 7954 6309 8549 3872 2609 4964 3647 5387 7622 1629 6226 4829 9780 479 6866 5071 6788 6807 5607 5057 5133 8398 6617 4198 2620 6305 2894 2612 
28 4814 1062 894 670 516 8932 8881 1912 6924 6585 4298 8466 4680 7638 2517 400 5811 9975 3734 4642 1658 299 7332 8139 4699 574 7934 9410 
28 8356 6350 8483 8924 7032 9403 5520 7668 6663 1101 6073 3222 8606 2710 5550 6438 6266 9525 2645 2632 7376 1994 3098 4999 6921 9799 1867 8925 
28 3861 7263 1310 3667 5342 2976 7027 1166 7672 8498 2478 5072 6030 9313 2143 3443 6346 4722 4647 3942 6152 2829 2753 7413 2118 1611 5403 2937 
28 4778 7857 9161 9261 8969 8209 3393 6220 8159 9468 2740 5426 472 9926 4296 6376 1248 7848 9445 8390 6528 3203 8070 100 8082 7074 5041 9900 
28 7053 7240 6791 4382 9734 6978 2344 1838 3684 2027 3576 249 4956 3979 1982 5597 3119 8545 949 8146 6168 7173 6989 1880 4549 408 8913 8510 
28 555 2724 2236 795 9377 6147 5030 8367 5460 5194 3992 9118 6283 1720 2257 7126 4963 7041 8937 7380 1219 115 9221 7282 8616 1223 1449 9976 
28 1205 5092 337 7345 1230 125 1054 1176 4027 9433 987 6253 2837 4668 8388 9167 9352 5081 3069 6692 187 4221 4051 8984 2884 9394 3073 5650 
28 3345 2657 2308 953 9810 48 4602 3200 7805 1050 4450 9616 1232 4703 9027 7784 2163 4483 8628 2282 3889 4755 1647 3010 6912 1829 3614 1345 
28 8064 6491 5126 8938 8855 6726 6900 1344 3719 1346 7204 9317 4837 5972 5474 3314 5819 9778 3382 8547 7259 8783 7872 2535 7095 3291 6075 7149 
28 9680 6238 755 8143 5454 8677 2600 1447 2675 6923 5816 9419 2101 5216 4890 997 347 9569 7292 8854 8463 4846 3563 8188 3867 4676 7489 5261 
28 4037 4209 2234 6206 1945 6684 6215 8500 9657 6010 4067 510 9598 5685 603 9041 3977 1053 9044 2984 9037 8611 1033 8111 7500 2564 6013 8789 
28 9688 5517 5538 965 6196 1559 5245 451 6296 3698 6362 8698 4339 5304 9960 2755 4252 332 1902 4381 6281 7577 3723 5182 1 2100 2911 1142 
28 2880 6000 812 167 3012 3043 5859 2650 4124 88 5822 9291 6123 4610 6223 6643 5834 6602 8377 8475 7819 9784 382 7386 4715 3342 3410 4554 
28 3682 3378 9467 5059 9084 9805 4428 9803 8488 7682 7022 113 1735 471 3996 5828 1863 4527 1178 3141 4553 8041 4001 5237 6045 9626 1776 5506 
28 899 5414 7115 4081 9654 3217 8576 3353 7405 7529 2591 6277 3623 3533 2921 5079 1575 5255 6925 6657 7239 4714 591 8958 2406 7349 9179 5241 
28 1491 2196 4880 5732 9363 2067 1753 9564 966 544 9582 5243 8045 7444 3409 9357 2489 9932 4090 9620 4096 2922 3427 1226 4832 7207 5542 8878 
28 235 7458 6185 8953 2201 9997 8816 3754 8444 6860 2424 1678 4208 7758 8657 129 8977 7366 5995 2551 4742 5561 7905 8702 5313 5411 4109 9835 
28 6725 4988 5886 1690 6700 1788 7587 213 7069 267 1529 9355 3087 5648 3847 8479 6500 1000 5798 2496 664 95 6778 2468 6435 6917 7256 887 
28 4578 2579 6728 612 785 4615 5852 7564 5473 6137 8206 4536 9051 7604 7825 9527 9713 5 8569 7221 4287 1914 2862 1170 2018 3337 4889 5324 
28 8327 2366 909 7445 4316 375 5986 2698 7632 449 6254 2739 3633 4659 7898 224 1343 173 2797 4551 9495 3746 2581 3014 3111 8095 105 3791 
28 1932 8651 869 5469 5528 4599 9280 8429 8039 659 8477 7908 9106 8740 3466 6576 8198 4894 1918 2959 2812 7184 3837 5034 8108 4912 1199 5044 
28 2345 3501 8844 396 8726 3089 8255 4532 5768 2841 2749 563 2054 5360 5271 7650 3834 3257 4206 560 5294 490 7580 7634 8970 561 872 4538 
28 4739 6535 9060 2779 1653 757 6954 4006 6698 7975 3778 7288 4928 2233 199 405 3567 3656 5641 6935 921 8801 8650 9549 9653 6986 6145 5915 
28 2575 2041 9730 251 5212 2734 6552 9695 2380 9442 1915 8247 927 6880 3895 6060 9443 2428 1350 616 243 1160 7359 5097 3842 756 7725 1427 
28 2249 1564 2761 538 2886 2988 9351 8036 598 3005 4171 1884 9575 8132 5558 2188 7203 6160 2901 9658 8743 9758 1303 7720 7545 6202 331 4910 
28 1474 7896 4526 296 9481 7578 9629 3428 9636 5677 2055 4205 2883 2515 9735 2191 309 4648 7403 8668 4086 3319 9017 2371 3335 621 811 7426 
28 8271 8035 3395 1156 6789 5181 3789 5518 1812 6713 5751 2960 9491 4487 1028 5177 1738 5111 9786 1114 474 7311 2748 5291 1159 7680 5223 3219 
28 1850 8641 6183 2832 3154 8149 1710 7291 7114 5774 2043 2044 2259 2190 5563 5409 740 7138 1478 4775 7484 4079 9587 3138 3781 4435 16 3724 
28 6695 3431 9789 9714 7289 2429 7098 1506 5141 3334 2531 2033 6307 831 1437 5451 3908 902 1340 2314 2956 5699 8940 2544 5229 4901 7570 8636 
28 4944 6758 9203 2978 2793 7211 5053 9741 4190 822 2456 8633 8860 1500 7398 5284 818 5001 8443 9865 5222 78 5494 7433 1555 6985 2335 3258 
28 2672 8201 4039 4596 1528 5124 426 1253 7551 4812 8096 3061 4612 7485 1920 7639 5742 9642 437 9292 4243 7644 9249 5191 5664 4754 364 8597 
28 9811 8382 4904 3670 4009 207 8785 9745 4819 2630 9454 8625 7810 1149 7952 5146 600 6872 2383 5481 8024 7763 4432 2153 2127 4730 423 5373 
28 6465 2810 2103 2299 4010 7688 1204 1833 5188 5921 9258 3869 8002 8013 7134 5179 8716 7488 7690 1650 1167 8322 1775 1037 6865 1501 4816 6209 
28 3228 2822 5318 805 4833 3080 592 4563 5885 2754 3344 1148 9078 8208 3221 124 9624 6084 3556 4911 0 7890 2852 2502 1622 5502 5376 2035 
28 7589 3569 6689 3272 5347 5461 1935 3766 8355 721 6318 6699 1121 6105 6828 1793 2660 6067 8585 8934 982 7560 4574 1396 2310 2492 3859 5935 
28 5265 1210 2640 5412 340 3041 1084 1143 4003 7275 8520 2503 477 7392 2528 4682 9413 7480 5110 1977 3248 5758 9195 724 4236 7423 6920 7888 
28 950 7441 3369 7611 1420 5754 5906 2617 2985 7063 2123 912 9630 5145 7286 1771 3492 9100 5009 6625 7034 229 126 7160 8253 3004 3911 5602 
28 3205 1362 1508 4498 6956 4244 8852 8776 8467 8076 8050 190 344 6053 6547 6637 8532 6827 980 6854 1047 5897 6082 5961 978 8871 8237 2438 
28 5330 3940 4301 1667 8259 4958 3927 1105 425 3557 2231 2442 3063 557 7494 9346 4344 3457 4347 2874 4705 2622 5545 2210 211 901 3525 8902 
28 6473 1669 5029 7608 3549 3463 4626 2865 7218 4229 2699 5647 6901 6611 5447 7701 8469 711 5773 9109 2778 1639 7724 6560 7649 729 4265 6143 
28 2787 4426 5161 7197 543 3748 6420 2549 2096 2572 5571 8827 96 2505 4050 6636 8911 6913 2354 9563 5296 6422 4143 3988 2004 4913 8912 5531 
28 1102 6998 1336 9287 5117 2397 6981 5539 5209 3951 9284 2470 5205 4272 4535 9155 8106 7752 2001 5655 1801 7306 2626 6867 4836 3417 1624 8652 
28 9985 7840 8375 470 1579 3560 1388 5274 3874 4021 4547 4691 488 8559 9326 706 9792 765 4093 4442 76 8418 7064 8952 6574 9750 8930 3934 
28 8546 2587 5730 3668 5656 9604 1785 5720 9191 7674 9016 5861 2240 3894 7703 4826 9592 5624 1634 857 3991 7904 9707 6174 7683 775 410 1511 
28 9092 7189 5192 890 2393 1034 7253 5416 1098 1530 3277 1300 4656 2994 3193 9461 3161 1584 1784 9020 877 8943 2682 7926 5519 8020 7348 6716 
28 6844 3444 9123 5638 6475 923 3700 8988 9183 8685 5744 9341 8344 8782 6430 9551 4970 9244 4253 8656 5227 77 6005 6809 4853 3590 9719 6693 
28 81 3955 7230 8378 8720 3212 4364 9068 7122 7214 7226 4713 295 5262 4485 8705 7637 768 687 8596 4477 3758 7617 3528 4424 9240 7657 4054 
28 530 7916 5032 3300 3082 2557 7210 7377 5746 5942 7964 6703 4118 9436 5775 8989 5467 6076 6526 411 2879 7068 6662 9305 1708 1192 3510 9901 
28 6505 6593 3017 9583 1494 6374 3298 8226 8254 1683 430 4289 8758 4042 133 8664 1332 6949 4724 9765 9457 883 8738 9310 1651 9699 7539 1826 
28 8568 3327 86 3031 7424 8300 2720 5523 6444 3486 5820 5845 6532 8974 285 4088 5679 6846 7106 1851 4922 2464 7229 8370 2025 9308 3751 2947 
28 2695 3906 2929 6070 1595 3133 9366 5929 1078 8301 4160 6759 8239 6233 2073 867 7385 3577 8453 5455 7663 7887 7844 6793 3685 5894 2486 2235 
